# File created 2017/02/28 10:43:56 Eastern Standard Time (UTC -0500)
# Time: 2017/02/16 15:26:00
# UTC: 2017/02/16 20:26:00
# Period: Seconds
# Col: 1002.Signal Strength,1002,3,Signal Strength,MKUs
0.0000,    28.400
0.0040,    28.345
0.0080,    28.292
0.0120,    28.238
0.0160,    28.200
0.0200,    28.200
0.0240,    28.200
0.0280,    28.200
0.0320,    28.229
0.0360,    28.279
0.0400,    28.330
0.0440,    28.381
0.0480,    28.400
0.0520,    28.400
0.0560,    28.400
0.0600,    28.400
0.0640,    28.400
0.0680,    28.400
0.0720,    28.400
0.0760,    28.400
0.0800,    28.359
0.0840,    28.310
0.0880,    28.260
0.0920,    28.213
0.0960,    28.238
0.1000,    28.290
0.1040,    28.341
0.1080,    28.392
0.1120,    28.400
0.1160,    28.400
0.1200,    28.400
0.1240,    28.400
0.1280,    28.357
0.1320,    28.304
0.1360,    28.249
0.1400,    28.204
0.1440,    28.255
0.1480,    28.304
0.1520,    28.356
0.1560,    28.394
0.1600,    28.343
0.1640,    28.292
0.1680,    28.240
0.1720,    28.200
0.1760,    28.200
0.1800,    28.200
0.1840,    28.200
0.1880,    28.207
0.1920,    28.262
0.1960,    28.315
0.2000,    28.370
0.2040,    28.376
0.2080,    28.324
0.2120,    28.273
0.2160,    28.220
0.2200,    28.231
0.2240,    28.284
0.2280,    28.335
0.2320,    28.387
0.2360,    28.361
0.2400,    28.310
0.2440,    28.259
0.2480,    28.207
0.2520,    28.200
0.2560,    28.200
0.2600,    28.200
0.2640,    28.200
0.2680,    28.249
0.2720,    28.301
0.2760,    28.352
0.2800,    28.398
0.2840,    28.348
0.2880,    28.297
0.2920,    28.248
0.2960,    28.202
0.3000,    28.253
0.3040,    28.303
0.3080,    28.354
0.3120,    28.400
0.3160,    28.400
0.3200,    28.400
0.3240,    28.400
0.3280,    28.400
0.3320,    28.400
0.3360,    28.400
0.3400,    28.400
0.3440,    28.400
0.3480,    28.400
0.3520,    28.400
0.3560,    28.400
0.3600,    28.381
0.3640,    28.330
0.3680,    28.279
0.3720,    28.227
0.3760,    28.200
0.3800,    28.200
0.3840,    28.200
0.3880,    28.200
0.3920,    28.231
0.3960,    28.282
0.4000,    28.334
0.4040,    28.385
0.4080,    28.365
0.4120,    28.312
0.4160,    28.260
0.4200,    28.209
0.4240,    28.242
0.4280,    28.295
0.4320,    28.346
0.4360,    28.398
0.4400,    28.400
0.4440,    28.400
0.4480,    28.400
0.4520,    28.396
0.4560,    28.346
0.4600,    28.297
0.4640,    28.249
0.4680,    28.200
0.4720,    28.200
0.4760,    28.200
0.4800,    28.200
0.4840,    28.200
0.4880,    28.200
0.4920,    28.200
0.4960,    28.200
0.5000,    28.200
0.5040,    28.255
0.5080,    28.308
0.5120,    28.363
0.5160,    28.385
0.5200,    28.334
0.5240,    28.282
0.5280,    28.233
0.5320,    28.218
0.5360,    28.270
0.5400,    28.321
0.5440,    28.372
0.5480,    28.400
0.5520,    28.400
0.5560,    28.400
0.5600,    28.400
0.5640,    28.379
0.5680,    28.324
0.5720,    28.270
0.5760,    28.215
0.5800,    28.200
0.5840,    28.200
0.5880,    28.200
0.5920,    28.200
0.5960,    28.200
0.6000,    28.200
0.6040,    28.200
0.6080,    28.200
0.6120,    28.248
0.6160,    28.299
0.6200,    28.350
0.6240,    28.400
0.6280,    28.357
0.6320,    28.303
0.6360,    28.248
0.6400,    28.207
0.6440,    28.259
0.6480,    28.310
0.6520,    28.361
0.6560,    28.400
0.6600,    28.400
0.6640,    28.400
0.6680,    28.400
0.6720,    28.400
0.6760,    28.400
0.6800,    28.400
0.6840,    28.400
0.6880,    28.392
0.6920,    28.337
0.6960,    28.284
0.7000,    28.231
0.7040,    28.222
0.7080,    28.273
0.7120,    28.324
0.7160,    28.374
0.7200,    28.372
0.7240,    28.319
0.7280,    28.264
0.7320,    28.211
0.7360,    28.200
0.7400,    28.200
0.7440,    28.200
0.7480,    28.200
0.7520,    28.229
0.7560,    28.284
0.7600,    28.339
0.7640,    28.396
0.7680,    28.354
0.7720,    28.303
0.7760,    28.251
0.7800,    28.202
0.7840,    28.200
0.7880,    28.200
0.7920,    28.200
0.7960,    28.200
0.8000,    28.200
0.8040,    28.200
0.8080,    28.200
0.8120,    28.200
0.8160,    28.200
0.8200,    28.200
0.8240,    28.200
0.8280,    28.215
0.8320,    28.264
0.8360,    28.313
0.8400,    28.363
0.8440,    28.400
0.8480,    28.400
0.8520,    28.400
0.8560,    28.400
0.8600,    28.400
0.8640,    28.400
0.8680,    28.400
0.8720,    28.400
0.8760,    28.400
0.8800,    28.400
0.8840,    28.400
0.8880,    28.400
0.8920,    28.400
0.8960,    28.400
0.9000,    28.400
0.9040,    28.400
0.9080,    28.400
0.9120,    28.400
0.9160,    28.400
0.9200,    28.400
0.9240,    28.356
0.9280,    28.304
0.9320,    28.253
0.9360,    28.202
0.9400,    28.237
0.9440,    28.292
0.9480,    28.348
0.9520,    28.400
0.9560,    28.400
0.9600,    28.400
0.9640,    28.400
0.9680,    28.400
0.9720,    28.400
0.9760,    28.400
0.9800,    28.400
0.9840,    28.400
0.9880,    28.400
0.9920,    28.400
0.9960,    28.400
1.0000,    28.400
1.0040,    28.400
1.0080,    28.400
1.0120,    28.400
1.0160,    28.400
1.0200,    28.400
1.0240,    28.400
1.0280,    28.400
1.0320,    28.400
1.0360,    28.400
1.0400,    28.400
1.0440,    28.400
1.0480,    28.400
1.0520,    28.400
1.0560,    28.400
1.0600,    28.400
1.0640,    28.379
1.0680,    28.324
1.0720,    28.271
1.0760,    28.216
1.0800,    28.235
1.0840,    28.286
1.0880,    28.337
1.0920,    28.387
1.0960,    28.361
1.1000,    28.306
1.1040,    28.253
1.1080,    28.200
1.1120,    28.251
1.1160,    28.301
1.1200,    28.352
1.1240,    28.400
1.1280,    28.400
1.1320,    28.400
1.1360,    28.400
1.1400,    28.394
1.1440,    28.343
1.1480,    28.292
1.1520,    28.240
1.1560,    28.200
1.1600,    28.200
1.1640,    28.200
1.1680,    28.200
1.1720,    28.200
1.1760,    28.200
1.1800,    28.200
1.1840,    28.200
1.1880,    28.209
1.1920,    28.264
1.1960,    28.321
1.2000,    28.376
1.2040,    28.372
1.2080,    28.321
1.2120,    28.270
1.2160,    28.218
1.2200,    28.233
1.2240,    28.284
1.2280,    28.334
1.2320,    28.385
1.2360,    28.365
1.2400,    28.315
1.2440,    28.264
1.2480,    28.215
1.2520,    28.227
1.2560,    28.282
1.2600,    28.335
1.2640,    28.389
1.2680,    28.359
1.2720,    28.308
1.2760,    28.257
1.2800,    28.204
1.2840,    28.246
1.2880,    28.297
1.2920,    28.348
1.2960,    28.400
1.3000,    28.400
1.3040,    28.400
1.3080,    28.400
1.3120,    28.400
1.3160,    28.400
1.3200,    28.400
1.3240,    28.400
1.3280,    28.389
1.3320,    28.335
1.3360,    28.284
1.3400,    28.231
1.3440,    28.200
1.3480,    28.200
1.3520,    28.200
1.3560,    28.200
1.3600,    28.200
1.3640,    28.200
1.3680,    28.200
1.3720,    28.200
1.3760,    28.215
1.3800,    28.270
1.3840,    28.323
1.3880,    28.378
1.3920,    28.400
1.3960,    28.400
1.4000,    28.400
1.4040,    28.400
1.4080,    28.400
1.4120,    28.400
1.4160,    28.400
1.4200,    28.400
1.4240,    28.361
1.4280,    28.310
1.4320,    28.257
1.4360,    28.205
1.4400,    28.200
1.4440,    28.200
1.4480,    28.200
1.4520,    28.200
1.4560,    28.249
1.4600,    28.301
1.4640,    28.352
1.4680,    28.400
1.4720,    28.400
1.4760,    28.400
1.4800,    28.400
1.4840,    28.400
1.4880,    28.400
1.4920,    28.400
1.4960,    28.400
1.5000,    28.400
1.5040,    28.346
1.5080,    28.292
1.5120,    28.238
1.5160,    28.200
1.5200,    28.200
1.5240,    28.200
1.5280,    28.200
1.5320,    28.200
1.5360,    28.200
1.5400,    28.200
1.5440,    28.200
1.5480,    28.224
1.5520,    28.279
1.5560,    28.332
1.5600,    28.387
1.5640,    28.378
1.5680,    28.321
1.5720,    28.264
1.5760,    28.207
1.5800,    28.200
1.5840,    28.200
1.5880,    28.200
1.5920,    28.200
1.5960,    28.200
1.6000,    28.200
1.6040,    28.200
1.6080,    28.200
1.6120,    28.200
1.6160,    28.200
1.6200,    28.200
1.6240,    28.200
1.6280,    28.240
1.6320,    28.295
1.6360,    28.348
1.6400,    28.400
1.6440,    28.400
1.6480,    28.400
1.6520,    28.400
1.6560,    28.400
1.6600,    28.400
1.6640,    28.400
1.6680,    28.400
1.6720,    28.381
1.6760,    28.332
1.6800,    28.282
1.6840,    28.235
1.6880,    28.207
1.6920,    28.262
1.6960,    28.315
1.7000,    28.368
1.7040,    28.400
1.7080,    28.400
1.7120,    28.400
1.7160,    28.400
1.7200,    28.374
1.7240,    28.323
1.7280,    28.271
1.7320,    28.220
1.7360,    28.233
1.7400,    28.286
1.7440,    28.341
1.7480,    28.394
1.7520,    28.370
1.7560,    28.315
1.7600,    28.259
1.7640,    28.204
1.7680,    28.249
1.7720,    28.301
1.7760,    28.352
1.7800,    28.400
1.7840,    28.400
1.7880,    28.400
1.7920,    28.400
1.7960,    28.400
1.8000,    28.400
1.8040,    28.400
1.8080,    28.400
1.8120,    28.400
1.8160,    28.352
1.8200,    28.297
1.8240,    28.242
1.8280,    28.213
1.8320,    28.264
1.8360,    28.313
1.8400,    28.365
1.8440,    28.400
1.8480,    28.400
1.8520,    28.400
1.8560,    28.400
1.8600,    28.374
1.8640,    28.323
1.8680,    28.270
1.8720,    28.218
1.8760,    28.200
1.8800,    28.200
1.8840,    28.200
1.8880,    28.200
1.8920,    28.229
1.8960,    28.282
1.9000,    28.334
1.9040,    28.387
1.9080,    28.361
1.9120,    28.310
1.9160,    28.257
1.9200,    28.204
1.9240,    28.244
1.9280,    28.293
1.9320,    28.341
1.9360,    28.390
1.9400,    28.367
1.9440,    28.312
1.9480,    28.257
1.9520,    28.204
1.9560,    28.248
1.9600,    28.301
1.9640,    28.352
1.9680,    28.398
1.9720,    28.346
1.9760,    28.295
1.9800,    28.244
1.9840,    28.207
1.9880,    28.259
1.9920,    28.310
1.9960,    28.361
2.0000,    28.400
2.0040,    28.343
2.0080,    28.286
2.0120,    28.229
2.0160,    28.224
2.0200,    28.275
2.0240,    28.324
2.0280,    28.374
2.0320,    28.400
2.0360,    28.400
2.0400,    28.400
2.0440,    28.400
2.0480,    28.400
2.0520,    28.400
2.0560,    28.400
2.0600,    28.400
2.0640,    28.400
2.0680,    28.400
2.0720,    28.400
2.0760,    28.400
2.0800,    28.400
2.0840,    28.400
2.0880,    28.400
2.0920,    28.400
2.0960,    28.352
2.1000,    28.303
2.1040,    28.251
2.1080,    28.200
2.1120,    28.249
2.1160,    28.301
2.1200,    28.352
2.1240,    28.400
2.1280,    28.357
2.1320,    28.301
2.1360,    28.246
2.1400,    28.209
2.1440,    28.260
2.1480,    28.312
2.1520,    28.365
2.1560,    28.385
2.1600,    28.332
2.1640,    28.281
2.1680,    28.229
2.1720,    28.220
2.1760,    28.270
2.1800,    28.317
2.1840,    28.367
2.1880,    28.400
2.1920,    28.400
2.1960,    28.400
2.2000,    28.400
2.2040,    28.400
2.2080,    28.400
2.2120,    28.400
2.2160,    28.400
2.2200,    28.365
2.2240,    28.313
2.2280,    28.262
2.2320,    28.211
2.2360,    28.238
2.2400,    28.288
2.2440,    28.335
2.2480,    28.385
2.2520,    28.372
2.2560,    28.319
2.2600,    28.266
2.2640,    28.213
2.2680,    28.240
2.2720,    28.292
2.2760,    28.343
2.2800,    28.396
2.2840,    28.400
2.2880,    28.400
2.2920,    28.400
2.2960,    28.400
2.3000,    28.400
2.3040,    28.400
2.3080,    28.400
2.3120,    28.400
2.3160,    28.350
2.3200,    28.295
2.3240,    28.240
2.3280,    28.200
2.3320,    28.200
2.3360,    28.200
2.3400,    28.200
2.3440,    28.200
2.3480,    28.200
2.3520,    28.200
2.3560,    28.200
2.3600,    28.200
2.3640,    28.200
2.3680,    28.200
2.3720,    28.200
2.3760,    28.200
2.3800,    28.200
2.3840,    28.200
2.3880,    28.200
2.3920,    28.200
2.3960,    28.200
2.4000,    28.200
2.4040,    28.200
2.4080,    28.200
2.4120,    28.200
2.4160,    28.200
2.4200,    28.200
2.4240,    28.244
2.4280,    28.293
2.4320,    28.345
2.4360,    28.394
2.4400,    28.400
2.4440,    28.400
2.4480,    28.400
2.4520,    28.400
2.4560,    28.400
2.4600,    28.400
2.4640,    28.400
2.4680,    28.396
2.4720,    28.345
2.4760,    28.293
2.4800,    28.242
2.4840,    28.200
2.4880,    28.200
2.4920,    28.200
2.4960,    28.200
2.5000,    28.200
2.5040,    28.200
2.5080,    28.200
2.5120,    28.200
2.5160,    28.220
2.5200,    28.271
2.5240,    28.323
2.5280,    28.374
2.5320,    28.376
2.5360,    28.324
2.5400,    28.275
2.5440,    28.224
2.5480,    28.200
2.5520,    28.200
2.5560,    28.200
2.5600,    28.200
2.5640,    28.200
2.5680,    28.200
2.5720,    28.200
2.5760,    28.200
2.5800,    28.200
2.5840,    28.200
2.5880,    28.200
2.5920,    28.200
2.5960,    28.248
2.6000,    28.299
2.6040,    28.350
2.6080,    28.400
2.6120,    28.348
2.6160,    28.299
2.6200,    28.248
2.6240,    28.200
2.6280,    28.244
2.6320,    28.299
2.6360,    28.356
2.6400,    28.400
2.6440,    28.400
2.6480,    28.400
2.6520,    28.400
2.6560,    28.400
2.6600,    28.400
2.6640,    28.400
2.6680,    28.400
2.6720,    28.400
2.6760,    28.400
2.6800,    28.400
2.6840,    28.400
2.6880,    28.400
2.6920,    28.400
2.6960,    28.400
2.7000,    28.400
2.7040,    28.400
2.7080,    28.400
2.7120,    28.400
2.7160,    28.400
2.7200,    28.367
2.7240,    28.315
2.7280,    28.262
2.7320,    28.211
2.7360,    28.200
2.7400,    28.200
2.7440,    28.200
2.7480,    28.200
2.7520,    28.229
2.7560,    28.282
2.7600,    28.335
2.7640,    28.390
2.7680,    28.357
2.7720,    28.303
2.7760,    28.249
2.7800,    28.204
2.7840,    28.255
2.7880,    28.306
2.7920,    28.356
2.7960,    28.394
2.8000,    28.343
2.8040,    28.292
2.8080,    28.240
2.8120,    28.200
2.8160,    28.200
2.8200,    28.200
2.8240,    28.200
2.8280,    28.216
2.8320,    28.268
2.8360,    28.319
2.8400,    28.370
2.8440,    28.379
2.8480,    28.330
2.8520,    28.281
2.8560,    28.231
2.8600,    28.200
2.8640,    28.200
2.8680,    28.200
2.8720,    28.200
2.8760,    28.216
2.8800,    28.271
2.8840,    28.324
2.8880,    28.379
2.8920,    28.400
2.8960,    28.400
2.9000,    28.400
2.9040,    28.400
2.9080,    28.400
2.9120,    28.400
2.9160,    28.400
2.9200,    28.400
2.9240,    28.400
2.9280,    28.400
2.9320,    28.400
2.9360,    28.400
2.9400,    28.400
2.9440,    28.400
2.9480,    28.400
2.9520,    28.400
2.9560,    28.400
2.9600,    28.400
2.9640,    28.400
2.9680,    28.394
2.9720,    28.343
2.9760,    28.293
2.9800,    28.242
2.9840,    28.200
2.9880,    28.200
2.9920,    28.200
2.9960,    28.200
3.0000,    28.202
3.0040,    28.257
3.0080,    28.312
3.0120,    28.368
3.0160,    28.379
3.0200,    28.330
3.0240,    28.279
3.0280,    28.229
3.0320,    28.222
3.0360,    28.275
3.0400,    28.328
3.0440,    28.381
3.0480,    28.400
3.0520,    28.400
3.0560,    28.400
3.0600,    28.400
3.0640,    28.378
3.0680,    28.323
3.0720,    28.268
3.0760,    28.213
3.0800,    28.200
3.0840,    28.200
3.0880,    28.200
3.0920,    28.200
3.0960,    28.242
3.1000,    28.293
3.1040,    28.345
3.1080,    28.396
3.1120,    28.400
3.1160,    28.400
3.1200,    28.400
3.1240,    28.400
3.1280,    28.400
3.1320,    28.400
3.1360,    28.400
3.1400,    28.394
3.1440,    28.343
3.1480,    28.290
3.1520,    28.238
3.1560,    28.200
3.1600,    28.200
3.1640,    28.200
3.1680,    28.200
3.1720,    28.220
3.1760,    28.268
3.1800,    28.317
3.1840,    28.367
3.1880,    28.390
3.1920,    28.337
3.1960,    28.282
3.2000,    28.227
3.2040,    28.226
3.2080,    28.277
3.2120,    28.330
3.2160,    28.381
3.2200,    28.400
3.2240,    28.400
3.2280,    28.400
3.2320,    28.400
3.2360,    28.361
3.2400,    28.310
3.2440,    28.259
3.2480,    28.207
3.2520,    28.200
3.2560,    28.200
3.2600,    28.200
3.2640,    28.200
3.2680,    28.248
3.2720,    28.299
3.2760,    28.352
3.2800,    28.400
3.2840,    28.400
3.2880,    28.400
3.2920,    28.400
3.2960,    28.392
3.3000,    28.343
3.3040,    28.293
3.3080,    28.244
3.3120,    28.200
3.3160,    28.249
3.3200,    28.304
3.3240,    28.357
3.3280,    28.389
3.3320,    28.337
3.3360,    28.284
3.3400,    28.233
3.3440,    28.218
3.3480,    28.270
3.3520,    28.321
3.3560,    28.372
3.3600,    28.400
3.3640,    28.400
3.3680,    28.400
3.3720,    28.400
3.3760,    28.385
3.3800,    28.330
3.3840,    28.277
3.3880,    28.222
3.3920,    28.231
3.3960,    28.281
3.4000,    28.332
3.4040,    28.383
3.4080,    28.365
3.4120,    28.310
3.4160,    28.257
3.4200,    28.202
3.4240,    28.200
3.4280,    28.200
3.4320,    28.200
3.4360,    28.200
3.4400,    28.200
3.4440,    28.200
3.4480,    28.200
3.4520,    28.202
3.4560,    28.253
3.4600,    28.304
3.4640,    28.354
3.4680,    28.396
3.4720,    28.345
3.4760,    28.293
3.4800,    28.242
3.4840,    28.211
3.4880,    28.262
3.4920,    28.313
3.4960,    28.365
3.5000,    28.398
3.5040,    28.343
3.5080,    28.286
3.5120,    28.231
3.5160,    28.200
3.5200,    28.200
3.5240,    28.200
3.5280,    28.200
3.5320,    28.200
3.5360,    28.200
3.5400,    28.200
3.5440,    28.200
3.5480,    28.200
3.5520,    28.200
3.5560,    28.200
3.5600,    28.200
3.5640,    28.200
3.5680,    28.200
3.5720,    28.200
3.5760,    28.200
3.5800,    28.242
3.5840,    28.293
3.5880,    28.345
3.5920,    28.396
3.5960,    28.354
3.6000,    28.303
3.6040,    28.253
3.6080,    28.202
3.6120,    28.200
3.6160,    28.200
3.6200,    28.200
3.6240,    28.200
3.6280,    28.200
3.6320,    28.200
3.6360,    28.200
3.6400,    28.209
3.6440,    28.260
3.6480,    28.312
3.6520,    28.363
3.6560,    28.385
3.6600,    28.334
3.6640,    28.282
3.6680,    28.231
3.6720,    28.220
3.6760,    28.271
3.6800,    28.323
3.6840,    28.374
3.6880,    28.390
3.6920,    28.335
3.6960,    28.279
3.7000,    28.222
3.7040,    28.229
3.7080,    28.279
3.7120,    28.326
3.7160,    28.376
3.7200,    28.400
3.7240,    28.400
3.7280,    28.400
3.7320,    28.400
3.7360,    28.400
3.7400,    28.400
3.7440,    28.400
3.7480,    28.400
3.7520,    28.372
3.7560,    28.317
3.7600,    28.262
3.7640,    28.209
3.7680,    28.200
3.7720,    28.200
3.7760,    28.200
3.7800,    28.200
3.7840,    28.200
3.7880,    28.200
3.7920,    28.200
3.7960,    28.200
3.8000,    28.200
3.8040,    28.200
3.8080,    28.200
3.8120,    28.200
3.8160,    28.249
3.8200,    28.304
3.8240,    28.357
3.8280,    28.389
3.8320,    28.337
3.8360,    28.288
3.8400,    28.237
3.8440,    28.215
3.8480,    28.266
3.8520,    28.319
3.8560,    28.370
3.8600,    28.400
3.8640,    28.400
3.8680,    28.400
3.8720,    28.400
3.8760,    28.400
3.8800,    28.400
3.8840,    28.400
3.8880,    28.400
3.8920,    28.400
3.8960,    28.400
3.9000,    28.400
3.9040,    28.400
3.9080,    28.400
3.9120,    28.400
3.9160,    28.400
3.9200,    28.400
3.9240,    28.400
3.9280,    28.400
3.9320,    28.400
3.9360,    28.400
3.9400,    28.400
3.9440,    28.400
3.9480,    28.400
3.9520,    28.400
3.9560,    28.400
3.9600,    28.400
3.9640,    28.400
3.9680,    28.400
3.9720,    28.400
3.9760,    28.400
3.9800,    28.400
3.9840,    28.400
3.9880,    28.400
3.9920,    28.400
3.9960,    28.400
4.0000,    28.400
4.0040,    28.345
4.0080,    28.292
4.0120,    28.238
4.0160,    28.215
4.0200,    28.266
4.0240,    28.317
4.0280,    28.368
4.0320,    28.400
4.0360,    28.400
4.0400,    28.400
4.0440,    28.400
4.0480,    28.374
4.0520,    28.323
4.0560,    28.273
4.0600,    28.222
4.0640,    28.200
4.0680,    28.200
4.0720,    28.200
4.0760,    28.200
4.0800,    28.237
4.0840,    28.290
4.0880,    28.345
4.0920,    28.398
4.0960,    28.352
4.1000,    28.301
4.1040,    28.249
4.1080,    28.200
4.1120,    28.200
4.1160,    28.200
4.1200,    28.200
4.1240,    28.200
4.1280,    28.200
4.1320,    28.200
4.1360,    28.200
4.1400,    28.205
4.1440,    28.257
4.1480,    28.308
4.1520,    28.359
4.1560,    28.400
4.1600,    28.400
4.1640,    28.400
4.1680,    28.400
4.1720,    28.385
4.1760,    28.334
4.1800,    28.282
4.1840,    28.231
4.1880,    28.209
4.1920,    28.264
4.1960,    28.317
4.2000,    28.372
4.2040,    28.400
4.2080,    28.400
4.2120,    28.400
4.2160,    28.400
4.2200,    28.368
4.2240,    28.317
4.2280,    28.266
4.2320,    28.216
4.2360,    28.200
4.2400,    28.200
4.2440,    28.200
4.2480,    28.200
4.2520,    28.200
4.2560,    28.200
4.2600,    28.200
4.2640,    28.200
4.2680,    28.200
4.2720,    28.200
4.2760,    28.200
4.2800,    28.200
4.2840,    28.200
4.2880,    28.200
4.2920,    28.200
4.2960,    28.200
4.3000,    28.200
4.3040,    28.200
4.3080,    28.200
4.3120,    28.200
4.3160,    28.251
4.3200,    28.308
4.3240,    28.363
4.3280,    28.383
4.3320,    28.334
4.3360,    28.284
4.3400,    28.235
4.3440,    28.215
4.3480,    28.266
4.3520,    28.317
4.3560,    28.368
4.3600,    28.379
4.3640,    28.326
4.3680,    28.275
4.3720,    28.224
4.3760,    28.200
4.3800,    28.200
4.3840,    28.200
4.3880,    28.200
4.3920,    28.200
4.3960,    28.200
4.4000,    28.200
4.4040,    28.200
4.4080,    28.200
4.4120,    28.200
4.4160,    28.200
4.4200,    28.200
4.4240,    28.200
4.4280,    28.200
4.4320,    28.200
4.4360,    28.200
4.4400,    28.200
4.4440,    28.200
4.4480,    28.200
4.4520,    28.200
4.4560,    28.200
4.4600,    28.200
4.4640,    28.200
4.4680,    28.200
4.4720,    28.200
4.4760,    28.200
4.4800,    28.200
4.4840,    28.200
4.4880,    28.200
4.4920,    28.200
4.4960,    28.200
4.5000,    28.200
4.5040,    28.200
4.5080,    28.200
4.5120,    28.200
4.5160,    28.200
4.5200,    28.200
4.5240,    28.200
4.5280,    28.200
4.5320,    28.200
4.5360,    28.200
4.5400,    28.200
4.5440,    28.200
4.5480,    28.200
4.5520,    28.200
4.5560,    28.200
4.5600,    28.200
4.5640,    28.224
4.5680,    28.279
4.5720,    28.335
4.5760,    28.392
4.5800,    28.357
4.5840,    28.306
4.5880,    28.257
4.5920,    28.205
4.5960,    28.200
4.6000,    28.200
4.6040,    28.200
4.6080,    28.200
4.6120,    28.200
4.6160,    28.200
4.6200,    28.200
4.6240,    28.200
4.6280,    28.200
4.6320,    28.200
4.6360,    28.200
4.6400,    28.200
4.6440,    28.200
4.6480,    28.200
4.6520,    28.200
4.6560,    28.200
4.6600,    28.200
4.6640,    28.200
4.6680,    28.200
4.6720,    28.200
4.6760,    28.200
4.6800,    28.200
4.6840,    28.200
4.6880,    28.200
4.6920,    28.200
4.6960,    28.200
4.7000,    28.200
4.7040,    28.200
4.7080,    28.200
4.7120,    28.200
4.7160,    28.200
4.7200,    28.200
4.7240,    28.200
4.7280,    28.200
4.7320,    28.200
4.7360,    28.200
4.7400,    28.200
4.7440,    28.200
4.7480,    28.200
4.7520,    28.200
4.7560,    28.200
4.7600,    28.200
4.7640,    28.200
4.7680,    28.200
4.7720,    28.200
4.7760,    28.200
4.7800,    28.200
4.7840,    28.200
4.7880,    28.200
4.7920,    28.200
4.7960,    28.200
4.8000,    28.200
4.8040,    28.200
4.8080,    28.200
4.8120,    28.200
4.8160,    28.200
4.8200,    28.200
4.8240,    28.200
4.8280,    28.200
4.8320,    28.200
4.8360,    28.200
4.8400,    28.200
4.8440,    28.200
4.8480,    28.200
4.8520,    28.200
4.8560,    28.200
4.8600,    28.224
4.8640,    28.275
4.8680,    28.326
4.8720,    28.379
4.8760,    28.400
4.8800,    28.400
4.8840,    28.400
4.8880,    28.400
4.8920,    28.400
4.8960,    28.400
4.9000,    28.400
4.9040,    28.400
4.9080,    28.359
4.9120,    28.310
4.9160,    28.262
4.9200,    28.213
4.9240,    28.200
4.9280,    28.200
4.9320,    28.200
4.9360,    28.200
4.9400,    28.237
4.9440,    28.292
4.9480,    28.348
4.9520,    28.396
4.9560,    28.346
4.9600,    28.295
4.9640,    28.246
4.9680,    28.204
4.9720,    28.255
4.9760,    28.306
4.9800,    28.356
4.9840,    28.394
4.9880,    28.339
4.9920,    28.286
4.9960,    28.233
5.0000,    28.200
5.0040,    28.200
5.0080,    28.200
5.0120,    28.200
5.0160,    28.200
5.0200,    28.200
5.0240,    28.200
5.0280,    28.200
5.0320,    28.227
5.0360,    28.281
5.0400,    28.332
5.0440,    28.383
5.0480,    28.367
5.0520,    28.319
5.0560,    28.270
5.0600,    28.222
5.0640,    28.222
5.0680,    28.275
5.0720,    28.328
5.0760,    28.383
5.0800,    28.365
5.0840,    28.313
5.0880,    28.262
5.0920,    28.211
5.0960,    28.240
5.1000,    28.292
5.1040,    28.343
5.1080,    28.394
5.1120,    28.400
5.1160,    28.400
5.1200,    28.400
5.1240,    28.400
5.1280,    28.357
5.1320,    28.304
5.1360,    28.249
5.1400,    28.200
5.1440,    28.200
5.1480,    28.200
5.1520,    28.200
5.1560,    28.200
5.1600,    28.200
5.1640,    28.200
5.1680,    28.200
5.1720,    28.213
5.1760,    28.264
5.1800,    28.315
5.1840,    28.368
5.1880,    28.392
5.1920,    28.337
5.1960,    28.282
5.2000,    28.227
5.2040,    28.226
5.2080,    28.279
5.2120,    28.330
5.2160,    28.381
5.2200,    28.367
5.2240,    28.315
5.2280,    28.264
5.2320,    28.211
5.2360,    28.200
5.2400,    28.200
5.2440,    28.200
5.2480,    28.200
5.2520,    28.231
5.2560,    28.286
5.2600,    28.343
5.2640,    28.400
5.2680,    28.350
5.2720,    28.299
5.2760,    28.248
5.2800,    28.204
5.2840,    28.253
5.2880,    28.304
5.2920,    28.356
5.2960,    28.394
5.3000,    28.343
5.3040,    28.293
5.3080,    28.242
5.3120,    28.200
5.3160,    28.200
5.3200,    28.200
5.3240,    28.200
5.3280,    28.200
5.3320,    28.200
5.3360,    28.200
5.3400,    28.200
5.3440,    28.200
5.3480,    28.200
5.3520,    28.200
5.3560,    28.200
5.3600,    28.200
5.3640,    28.200
5.3680,    28.200
5.3720,    28.200
5.3760,    28.200
5.3800,    28.200
5.3840,    28.200
5.3880,    28.200
5.3920,    28.200
5.3960,    28.200
5.4000,    28.200
5.4040,    28.200
5.4080,    28.200
5.4120,    28.200
5.4160,    28.200
5.4200,    28.200
5.4240,    28.200
5.4280,    28.200
5.4320,    28.200
5.4360,    28.200
5.4400,    28.235
5.4440,    28.290
5.4480,    28.345
5.4520,    28.398
5.4560,    28.350
5.4600,    28.299
5.4640,    28.249
5.4680,    28.200
5.4720,    28.200
5.4760,    28.200
5.4800,    28.200
5.4840,    28.200
5.4880,    28.200
5.4920,    28.200
5.4960,    28.200
5.5000,    28.200
5.5040,    28.200
5.5080,    28.200
5.5120,    28.200
5.5160,    28.200
5.5200,    28.200
5.5240,    28.200
5.5280,    28.200
5.5320,    28.200
5.5360,    28.200
5.5400,    28.200
5.5440,    28.200
5.5480,    28.231
5.5520,    28.281
5.5560,    28.330
5.5600,    28.379
5.5640,    28.378
5.5680,    28.323
5.5720,    28.268
5.5760,    28.213
5.5800,    28.200
5.5840,    28.200
5.5880,    28.200
5.5920,    28.200
5.5960,    28.246
5.6000,    28.297
5.6040,    28.348
5.6080,    28.400
5.6120,    28.348
5.6160,    28.297
5.6200,    28.248
5.6240,    28.200
5.6280,    28.200
5.6320,    28.200
5.6360,    28.200
5.6400,    28.200
5.6440,    28.200
5.6480,    28.200
5.6520,    28.200
5.6560,    28.200
5.6600,    28.200
5.6640,    28.200
5.6680,    28.200
5.6720,    28.200
5.6760,    28.200
5.6800,    28.200
5.6840,    28.200
5.6880,    28.200
5.6920,    28.200
5.6960,    28.200
5.7000,    28.200
5.7040,    28.229
5.7080,    28.281
5.7120,    28.332
5.7160,    28.383
5.7200,    28.367
5.7240,    28.315
5.7280,    28.264
5.7320,    28.213
5.7360,    28.200
5.7400,    28.200
5.7440,    28.200
5.7480,    28.200
5.7520,    28.200
5.7560,    28.200
5.7600,    28.200
5.7640,    28.200
5.7680,    28.200
5.7720,    28.200
5.7760,    28.200
5.7800,    28.200
5.7840,    28.200
5.7880,    28.200
5.7920,    28.200
5.7960,    28.200
5.8000,    28.200
5.8040,    28.200
5.8080,    28.200
5.8120,    28.200
5.8160,    28.200
5.8200,    28.200
5.8240,    28.200
5.8280,    28.200
5.8320,    28.200
5.8360,    28.200
5.8400,    28.200
5.8440,    28.200
5.8480,    28.200
5.8520,    28.200
5.8560,    28.200
5.8600,    28.200
5.8640,    28.200
5.8680,    28.200
5.8720,    28.200
5.8760,    28.200
5.8800,    28.200
5.8840,    28.200
5.8880,    28.200
5.8920,    28.200
5.8960,    28.200
5.9000,    28.200
5.9040,    28.200
5.9080,    28.200
5.9120,    28.200
5.9160,    28.200
5.9200,    28.200
5.9240,    28.200
5.9280,    28.200
5.9320,    28.200
5.9360,    28.200
5.9400,    28.200
5.9440,    28.200
5.9480,    28.200
5.9520,    28.200
5.9560,    28.200
5.9600,    28.200
5.9640,    28.200
5.9680,    28.200
5.9720,    28.200
5.9760,    28.200
5.9800,    28.200
5.9840,    28.200
5.9880,    28.200
5.9920,    28.200
5.9960,    28.200
6.0000,    28.200
6.0040,    28.200
6.0080,    28.200
6.0120,    28.200
6.0160,    28.216
6.0200,    28.268
6.0240,    28.319
6.0280,    28.370
6.0320,    28.379
6.0360,    28.328
6.0400,    28.277
6.0440,    28.227
6.0480,    28.200
6.0520,    28.200
6.0560,    28.200
6.0600,    28.200
6.0640,    28.222
6.0680,    28.279
6.0720,    28.334
6.0760,    28.390
6.0800,    28.359
6.0840,    28.310
6.0880,    28.260
6.0920,    28.209
6.0960,    28.200
6.1000,    28.200
6.1040,    28.200
6.1080,    28.202
6.1120,    28.253
6.1160,    28.303
6.1200,    28.354
6.1240,    28.400
6.1280,    28.400
6.1320,    28.400
6.1360,    28.400
6.1400,    28.392
6.1440,    28.341
6.1480,    28.290
6.1520,    28.238
6.1560,    28.200
6.1600,    28.200
6.1640,    28.200
6.1680,    28.200
6.1720,    28.200
6.1760,    28.200
6.1800,    28.200
6.1840,    28.200
6.1880,    28.209
6.1920,    28.266
6.1960,    28.323
6.2000,    28.381
6.2040,    28.367
6.2080,    28.315
6.2120,    28.266
6.2160,    28.215
6.2200,    28.200
6.2240,    28.200
6.2280,    28.200
6.2320,    28.200
6.2360,    28.200
6.2400,    28.200
6.2440,    28.200
6.2480,    28.200
6.2520,    28.229
6.2560,    28.284
6.2600,    28.339
6.2640,    28.394
6.2680,    28.354
6.2720,    28.303
6.2760,    28.249
6.2800,    28.200
6.2840,    28.200
6.2880,    28.200
6.2920,    28.200
6.2960,    28.200
6.3000,    28.200
6.3040,    28.200
6.3080,    28.200
6.3120,    28.200
6.3160,    28.200
6.3200,    28.200
6.3240,    28.200
6.3280,    28.200
6.3320,    28.200
6.3360,    28.200
6.3400,    28.200
6.3440,    28.200
6.3480,    28.200
6.3520,    28.200
6.3560,    28.200
6.3600,    28.200
6.3640,    28.200
6.3680,    28.200
6.3720,    28.200
6.3760,    28.200
6.3800,    28.200
6.3840,    28.200
6.3880,    28.200
6.3920,    28.200
6.3960,    28.200
6.4000,    28.200
6.4040,    28.200
6.4080,    28.200
6.4120,    28.200
6.4160,    28.200
6.4200,    28.200
6.4240,    28.200
6.4280,    28.200
6.4320,    28.200
6.4360,    28.200
6.4400,    28.200
6.4440,    28.200
6.4480,    28.200
6.4520,    28.200
6.4560,    28.200
6.4600,    28.200
6.4640,    28.200
6.4680,    28.205
6.4720,    28.257
6.4760,    28.308
6.4800,    28.359
6.4840,    28.390
6.4880,    28.339
6.4920,    28.290
6.4960,    28.238
6.5000,    28.200
6.5040,    28.200
6.5080,    28.200
6.5120,    28.200
6.5160,    28.200
6.5200,    28.200
6.5240,    28.200
6.5280,    28.200
6.5320,    28.200
6.5360,    28.200
6.5400,    28.200
6.5440,    28.200
6.5480,    28.200
6.5520,    28.200
6.5560,    28.200
6.5600,    28.200
6.5640,    28.200
6.5680,    28.200
6.5720,    28.200
6.5760,    28.200
6.5800,    28.200
6.5840,    28.200
6.5880,    28.200
6.5920,    28.200
6.5960,    28.200
6.6000,    28.200
6.6040,    28.200
6.6080,    28.200
6.6120,    28.200
6.6160,    28.200
6.6200,    28.200
6.6240,    28.200
6.6280,    28.244
6.6320,    28.299
6.6360,    28.356
6.6400,    28.389
6.6440,    28.337
6.6480,    28.286
6.6520,    28.235
6.6560,    28.200
6.6600,    28.200
6.6640,    28.200
6.6680,    28.200
6.6720,    28.218
6.6760,    28.268
6.6800,    28.319
6.6840,    28.368
6.6880,    28.392
6.6920,    28.335
6.6960,    28.279
6.7000,    28.222
6.7040,    28.231
6.7080,    28.282
6.7120,    28.334
6.7160,    28.383
6.7200,    28.400
6.7240,    28.400
6.7280,    28.400
6.7320,    28.400
6.7360,    28.363
6.7400,    28.313
6.7440,    28.262
6.7480,    28.213
6.7520,    28.200
6.7560,    28.200
6.7600,    28.200
6.7640,    28.200
6.7680,    28.200
6.7720,    28.200
6.7760,    28.200
6.7800,    28.204
6.7840,    28.253
6.7880,    28.304
6.7920,    28.356
6.7960,    28.400
6.8000,    28.400
6.8040,    28.400
6.8080,    28.400
6.8120,    28.400
6.8160,    28.400
6.8200,    28.400
6.8240,    28.400
6.8280,    28.400
6.8320,    28.400
6.8360,    28.400
6.8400,    28.400
6.8440,    28.381
6.8480,    28.332
6.8520,    28.282
6.8560,    28.233
6.8600,    28.218
6.8640,    28.273
6.8680,    28.328
6.8720,    28.381
6.8760,    28.385
6.8800,    28.330
6.8840,    28.277
6.8880,    28.222
6.8920,    28.200
6.8960,    28.200
6.9000,    28.200
6.9040,    28.200
6.9080,    28.235
6.9120,    28.288
6.9160,    28.339
6.9200,    28.390
6.9240,    28.400
6.9280,    28.400
6.9320,    28.400
6.9360,    28.400
6.9400,    28.400
6.9440,    28.400
6.9480,    28.400
6.9520,    28.400
6.9560,    28.400
6.9600,    28.400
6.9640,    28.400
6.9680,    28.400
6.9720,    28.400
6.9760,    28.400
6.9800,    28.400
6.9840,    28.387
6.9880,    28.335
6.9920,    28.286
6.9960,    28.235
7.0000,    28.200
7.0040,    28.200
7.0080,    28.200
7.0120,    28.200
7.0160,    28.218
7.0200,    28.268
7.0240,    28.319
7.0280,    28.368
7.0320,    28.379
7.0360,    28.324
7.0400,    28.271
7.0440,    28.218
7.0480,    28.233
7.0520,    28.284
7.0560,    28.334
7.0600,    28.383
7.0640,    28.400
7.0680,    28.400
7.0720,    28.400
7.0760,    28.400
7.0800,    28.400
7.0840,    28.400
7.0880,    28.400
7.0920,    28.400
7.0960,    28.357
7.1000,    28.304
7.1040,    28.249
7.1080,    28.204
7.1120,    28.253
7.1160,    28.301
7.1200,    28.350
7.1240,    28.398
7.1280,    28.400
7.1320,    28.400
7.1360,    28.400
7.1400,    28.396
7.1440,    28.345
7.1480,    28.293
7.1520,    28.242
7.1560,    28.209
7.1600,    28.259
7.1640,    28.310
7.1680,    28.361
7.1720,    28.400
7.1760,    28.400
7.1800,    28.400
7.1840,    28.400
7.1880,    28.400
7.1920,    28.400
7.1960,    28.400
7.2000,    28.400
7.2040,    28.378
7.2080,    28.326
7.2120,    28.275
7.2160,    28.224
7.2200,    28.200
7.2240,    28.200
7.2280,    28.200
7.2320,    28.200
7.2360,    28.233
7.2400,    28.286
7.2440,    28.337
7.2480,    28.390
7.2520,    28.400
7.2560,    28.400
7.2600,    28.400
7.2640,    28.400
7.2680,    28.400
7.2720,    28.400
7.2760,    28.400
7.2800,    28.396
7.2840,    28.348
7.2880,    28.299
7.2920,    28.249
7.2960,    28.200
7.3000,    28.251
7.3040,    28.303
7.3080,    28.356
7.3120,    28.400
7.3160,    28.400
7.3200,    28.400
7.3240,    28.400
7.3280,    28.400
7.3320,    28.400
7.3360,    28.400
7.3400,    28.400
7.3440,    28.400
7.3480,    28.400
7.3520,    28.400
7.3560,    28.400
7.3600,    28.400
7.3640,    28.400
7.3680,    28.400
7.3720,    28.400
7.3760,    28.400
7.3800,    28.400
7.3840,    28.400
7.3880,    28.400
7.3920,    28.363
7.3960,    28.313
7.4000,    28.262
7.4040,    28.213
7.4080,    28.238
7.4120,    28.288
7.4160,    28.339
7.4200,    28.390
7.4240,    28.359
7.4280,    28.308
7.4320,    28.257
7.4360,    28.207
7.4400,    28.200
7.4440,    28.200
7.4480,    28.200
7.4520,    28.200
7.4560,    28.200
7.4600,    28.200
7.4640,    28.200
7.4680,    28.200
7.4720,    28.200
7.4760,    28.200
7.4800,    28.200
7.4840,    28.200
7.4880,    28.200
7.4920,    28.200
7.4960,    28.200
7.5000,    28.200
7.5040,    28.200
7.5080,    28.200
7.5120,    28.200
7.5160,    28.200
7.5200,    28.200
7.5240,    28.200
7.5280,    28.200
7.5320,    28.200
7.5360,    28.200
7.5400,    28.200
7.5440,    28.200
7.5480,    28.233
7.5520,    28.284
7.5560,    28.335
7.5600,    28.389
7.5640,    28.400
7.5680,    28.400
7.5720,    28.400
7.5760,    28.400
7.5800,    28.356
7.5840,    28.304
7.5880,    28.255
7.5920,    28.204
7.5960,    28.248
7.6000,    28.299
7.6040,    28.350
7.6080,    28.400
7.6120,    28.350
7.6160,    28.299
7.6200,    28.248
7.6240,    28.200
7.6280,    28.200
7.6320,    28.200
7.6360,    28.200
7.6400,    28.200
7.6440,    28.200
7.6480,    28.200
7.6520,    28.200
7.6560,    28.200
7.6600,    28.200
7.6640,    28.200
7.6680,    28.200
7.6720,    28.220
7.6760,    28.271
7.6800,    28.323
7.6840,    28.374
7.6880,    28.392
7.6920,    28.335
7.6960,    28.281
7.7000,    28.224
7.7040,    28.200
7.7080,    28.200
7.7120,    28.200
7.7160,    28.200
7.7200,    28.235
7.7240,    28.286
7.7280,    28.337
7.7320,    28.389
7.7360,    28.359
7.7400,    28.308
7.7440,    28.257
7.7480,    28.204
7.7520,    28.200
7.7560,    28.200
7.7600,    28.200
7.7640,    28.200
7.7680,    28.242
7.7720,    28.293
7.7760,    28.345
7.7800,    28.394
7.7840,    28.400
7.7880,    28.400
7.7920,    28.400
7.7960,    28.400
7.8000,    28.400
7.8040,    28.400
7.8080,    28.400
7.8120,    28.400
7.8160,    28.350
7.8200,    28.295
7.8240,    28.238
7.8280,    28.215
7.8320,    28.266
7.8360,    28.317
7.8400,    28.368
7.8440,    28.379
7.8480,    28.326
7.8520,    28.275
7.8560,    28.222
7.8600,    28.229
7.8640,    28.277
7.8680,    28.324
7.8720,    28.374
7.8760,    28.400
7.8800,    28.400
7.8840,    28.400
7.8880,    28.400
7.8920,    28.400
7.8960,    28.400
7.9000,    28.400
7.9040,    28.400
7.9080,    28.400
7.9120,    28.400
7.9160,    28.400
7.9200,    28.400
7.9240,    28.400
7.9280,    28.400
7.9320,    28.400
7.9360,    28.400
7.9400,    28.400
7.9440,    28.400
7.9480,    28.400
7.9520,    28.400
7.9560,    28.400
7.9600,    28.400
7.9640,    28.400
7.9680,    28.400
7.9720,    28.400
7.9760,    28.400
7.9800,    28.400
7.9840,    28.387
7.9880,    28.335
7.9920,    28.286
7.9960,    28.235
8.0000,    28.200
8.0040,    28.200
8.0080,    28.200
8.0120,    28.200
8.0160,    28.200
8.0200,    28.200
8.0240,    28.200
8.0280,    28.200
8.0320,    28.222
8.0360,    28.277
8.0400,    28.330
8.0440,    28.383
8.0480,    28.400
8.0520,    28.400
8.0560,    28.400
8.0600,    28.400
8.0640,    28.400
8.0680,    28.400
8.0720,    28.400
8.0760,    28.400
8.0800,    28.400
8.0840,    28.400
8.0880,    28.400
8.0920,    28.400
8.0960,    28.354
8.1000,    28.303
8.1040,    28.251
8.1080,    28.200
8.1120,    28.251
8.1160,    28.303
8.1200,    28.354
8.1240,    28.400
8.1280,    28.400
8.1320,    28.400
8.1360,    28.400
8.1400,    28.400
8.1440,    28.400
8.1480,    28.400
8.1520,    28.400
8.1560,    28.400
8.1600,    28.400
8.1640,    28.400
8.1680,    28.400
8.1720,    28.400
8.1760,    28.400
8.1800,    28.400
8.1840,    28.400
8.1880,    28.392
8.1920,    28.337
8.1960,    28.284
8.2000,    28.229
8.2040,    28.224
8.2080,    28.275
8.2120,    28.326
8.2160,    28.378
8.2200,    28.400
8.2240,    28.400
8.2280,    28.400
8.2320,    28.400
8.2360,    28.400
8.2400,    28.400
8.2440,    28.400
8.2480,    28.400
8.2520,    28.400
8.2560,    28.400
8.2600,    28.400
8.2640,    28.400
8.2680,    28.400
8.2720,    28.400
8.2760,    28.400
8.2800,    28.400
8.2840,    28.354
8.2880,    28.303
8.2920,    28.251
8.2960,    28.200
8.3000,    28.200
8.3040,    28.200
8.3080,    28.200
8.3120,    28.200
8.3160,    28.251
8.3200,    28.306
8.3240,    28.361
8.3280,    28.383
8.3320,    28.332
8.3360,    28.281
8.3400,    28.229
8.3440,    28.222
8.3480,    28.273
8.3520,    28.324
8.3560,    28.376
8.3600,    28.400
8.3640,    28.400
8.3680,    28.400
8.3720,    28.400
8.3760,    28.400
8.3800,    28.400
8.3840,    28.400
8.3880,    28.400
8.3920,    28.400
8.3960,    28.400
8.4000,    28.400
8.4040,    28.400
8.4080,    28.363
8.4120,    28.312
8.4160,    28.260
8.4200,    28.209
8.4240,    28.200
8.4280,    28.200
8.4320,    28.200
8.4360,    28.200
8.4400,    28.200
8.4440,    28.200
8.4480,    28.200
8.4520,    28.207
8.4560,    28.259
8.4600,    28.308
8.4640,    28.359
8.4680,    28.390
8.4720,    28.339
8.4760,    28.288
8.4800,    28.238
8.4840,    28.200
8.4880,    28.200
8.4920,    28.200
8.4960,    28.200
8.5000,    28.202
8.5040,    28.257
8.5080,    28.313
8.5120,    28.368
8.5160,    28.378
8.5200,    28.328
8.5240,    28.277
8.5280,    28.226
8.5320,    28.224
8.5360,    28.275
8.5400,    28.326
8.5440,    28.378
8.5480,    28.400
8.5520,    28.400
8.5560,    28.400
8.5600,    28.400
8.5640,    28.400
8.5680,    28.400
8.5720,    28.400
8.5760,    28.400
8.5800,    28.357
8.5840,    28.308
8.5880,    28.259
8.5920,    28.211
8.5960,    28.240
8.6000,    28.293
8.6040,    28.345
8.6080,    28.396
8.6120,    28.352
8.6160,    28.301
8.6200,    28.248
8.6240,    28.200
8.6280,    28.244
8.6320,    28.301
8.6360,    28.357
8.6400,    28.389
8.6440,    28.339
8.6480,    28.290
8.6520,    28.240
8.6560,    28.209
8.6600,    28.260
8.6640,    28.312
8.6680,    28.365
8.6720,    28.400
8.6760,    28.400
8.6800,    28.400
8.6840,    28.400
8.6880,    28.390
8.6920,    28.334
8.6960,    28.277
8.7000,    28.220
8.7040,    28.200
8.7080,    28.200
8.7120,    28.200
8.7160,    28.200
8.7200,    28.200
8.7240,    28.200
8.7280,    28.200
8.7320,    28.200
8.7360,    28.240
8.7400,    28.290
8.7440,    28.341
8.7480,    28.392
8.7520,    28.400
8.7560,    28.400
8.7600,    28.400
8.7640,    28.400
8.7680,    28.352
8.7720,    28.301
8.7760,    28.249
8.7800,    28.200
8.7840,    28.200
8.7880,    28.200
8.7920,    28.200
8.7960,    28.207
8.8000,    28.259
8.8040,    28.310
8.8080,    28.361
8.8120,    28.400
8.8160,    28.400
8.8200,    28.400
8.8240,    28.400
8.8280,    28.400
8.8320,    28.400
8.8360,    28.400
8.8400,    28.400
8.8440,    28.376
8.8480,    28.326
8.8520,    28.277
8.8560,    28.229
8.8600,    28.222
8.8640,    28.273
8.8680,    28.324
8.8720,    28.376
8.8760,    28.400
8.8800,    28.400
8.8840,    28.400
8.8880,    28.400
8.8920,    28.400
8.8960,    28.400
8.9000,    28.400
8.9040,    28.400
8.9080,    28.361
8.9120,    28.310
8.9160,    28.259
8.9200,    28.207
8.9240,    28.244
8.9280,    28.295
8.9320,    28.346
8.9360,    28.396
8.9400,    28.400
8.9440,    28.400
8.9480,    28.400
8.9520,    28.400
8.9560,    28.400
8.9600,    28.400
8.9640,    28.400
8.9680,    28.400
8.9720,    28.400
8.9760,    28.400
8.9800,    28.400
8.9840,    28.400
8.9880,    28.400
8.9920,    28.400
8.9960,    28.400
9.0000,    28.400
9.0040,    28.400
9.0080,    28.400
9.0120,    28.400
9.0160,    28.378
9.0200,    28.326
9.0240,    28.277
9.0280,    28.227
9.0320,    28.224
9.0360,    28.273
9.0400,    28.324
9.0440,    28.376
9.0480,    28.400
9.0520,    28.400
9.0560,    28.400
9.0600,    28.400
9.0640,    28.400
9.0680,    28.400
9.0720,    28.400
9.0760,    28.400
9.0800,    28.400
9.0840,    28.400
9.0880,    28.400
9.0920,    28.400
9.0960,    28.400
9.1000,    28.400
9.1040,    28.400
9.1080,    28.400
9.1120,    28.400
9.1160,    28.400
9.1200,    28.400
9.1240,    28.400
9.1280,    28.400
9.1320,    28.400
9.1360,    28.400
9.1400,    28.392
9.1440,    28.341
9.1480,    28.290
9.1520,    28.238
9.1560,    28.200
9.1600,    28.200
9.1640,    28.200
9.1680,    28.200
9.1720,    28.200
9.1760,    28.200
9.1800,    28.200
9.1840,    28.200
9.1880,    28.200
9.1920,    28.200
9.1960,    28.200
9.2000,    28.200
9.2040,    28.200
9.2080,    28.200
9.2120,    28.200
9.2160,    28.200
9.2200,    28.233
9.2240,    28.284
9.2280,    28.335
9.2320,    28.387
9.2360,    28.400
9.2400,    28.400
9.2440,    28.400
9.2480,    28.400
9.2520,    28.370
9.2560,    28.315
9.2600,    28.259
9.2640,    28.204
9.2680,    28.249
9.2720,    28.301
9.2760,    28.352
9.2800,    28.396
9.2840,    28.346
9.2880,    28.297
9.2920,    28.248
9.2960,    28.202
9.3000,    28.253
9.3040,    28.304
9.3080,    28.356
9.3120,    28.400
9.3160,    28.400
9.3200,    28.400
9.3240,    28.400
9.3280,    28.400
9.3320,    28.400
9.3360,    28.400
9.3400,    28.400
9.3440,    28.385
9.3480,    28.332
9.3520,    28.279
9.3560,    28.226
9.3600,    28.200
9.3640,    28.200
9.3680,    28.200
9.3720,    28.200
9.3760,    28.200
9.3800,    28.200
9.3840,    28.200
9.3880,    28.200
9.3920,    28.231
9.3960,    28.282
9.4000,    28.334
9.4040,    28.383
9.4080,    28.400
9.4120,    28.400
9.4160,    28.400
9.4200,    28.400
9.4240,    28.361
9.4280,    28.310
9.4320,    28.259
9.4360,    28.207
9.4400,    28.200
9.4440,    28.200
9.4480,    28.200
9.4520,    28.200
9.4560,    28.200
9.4600,    28.200
9.4640,    28.200
9.4680,    28.204
9.4720,    28.255
9.4760,    28.306
9.4800,    28.359
9.4840,    28.389
9.4880,    28.337
9.4920,    28.284
9.4960,    28.233
9.5000,    28.200
9.5040,    28.200
9.5080,    28.200
9.5120,    28.200
9.5160,    28.200
9.5200,    28.200
9.5240,    28.200
9.5280,    28.200
9.5320,    28.200
9.5360,    28.200
9.5400,    28.200
9.5440,    28.200
9.5480,    28.200
9.5520,    28.200
9.5560,    28.200
9.5600,    28.200
9.5640,    28.200
9.5680,    28.200
9.5720,    28.200
9.5760,    28.200
9.5800,    28.200
9.5840,    28.200
9.5880,    28.200
9.5920,    28.200
9.5960,    28.200
9.6000,    28.200
9.6040,    28.200
9.6080,    28.200
9.6120,    28.200
9.6160,    28.200
9.6200,    28.200
9.6240,    28.200
9.6280,    28.242
9.6320,    28.297
9.6360,    28.352
9.6400,    28.394
9.6440,    28.343
9.6480,    28.292
9.6520,    28.240
9.6560,    28.211
9.6600,    28.260
9.6640,    28.312
9.6680,    28.363
9.6720,    28.385
9.6760,    28.332
9.6800,    28.279
9.6840,    28.224
9.6880,    28.200
9.6920,    28.200
9.6960,    28.200
9.7000,    28.200
9.7040,    28.200
9.7080,    28.200
9.7120,    28.200
9.7160,    28.200
9.7200,    28.229
9.7240,    28.281
9.7280,    28.330
9.7320,    28.381
9.7360,    28.400
9.7400,    28.400
9.7440,    28.400
9.7480,    28.400
9.7520,    28.370
9.7560,    28.313
9.7600,    28.257
9.7640,    28.200
9.7680,    28.200
9.7720,    28.200
9.7760,    28.200
9.7800,    28.200
9.7840,    28.200
9.7880,    28.200
9.7920,    28.200
9.7960,    28.202
9.8000,    28.255
9.8040,    28.306
9.8080,    28.359
9.8120,    28.400
9.8160,    28.348
9.8200,    28.293
9.8240,    28.237
9.8280,    28.218
9.8320,    28.270
9.8360,    28.323
9.8400,    28.374
9.8440,    28.400
9.8480,    28.400
9.8520,    28.400
9.8560,    28.400
9.8600,    28.376
9.8640,    28.324
9.8680,    28.273
9.8720,    28.222
9.8760,    28.215
9.8800,    28.270
9.8840,    28.324
9.8880,    28.379
9.8920,    28.400
9.8960,    28.400
9.9000,    28.400
9.9040,    28.400
9.9080,    28.363
9.9120,    28.310
9.9160,    28.259
9.9200,    28.207
9.9240,    28.200
9.9280,    28.200
9.9320,    28.200
9.9360,    28.200
9.9400,    28.200
9.9440,    28.200
9.9480,    28.200
9.9520,    28.200
9.9560,    28.200
9.9600,    28.200
9.9640,    28.200
9.9680,    28.209
9.9720,    28.260
9.9760,    28.312
9.9800,    28.363
9.9840,    28.400
9.9880,    28.400
9.9920,    28.400
9.9960,    28.400
