# File created 2017/02/28 10:43:42 Eastern Standard Time (UTC -0500)
# Time: 2017/02/16 15:22:00
# UTC: 2017/02/16 20:22:00
# Period: Seconds
# Col: 1002.Temperature,1002,1,Temperature,Celsius
0.0000,    35.726
0.0040,    35.726
0.0080,    35.726
0.0120,    35.726
0.0160,    35.726
0.0200,    35.723
0.0240,    35.723
0.0280,    35.723
0.0320,    35.723
0.0360,    35.720
0.0400,    35.720
0.0440,    35.720
0.0480,    35.720
0.0520,    35.720
0.0560,    35.720
0.0600,    35.720
0.0640,    35.720
0.0680,    35.720
0.0720,    35.720
0.0760,    35.720
0.0800,    35.720
0.0840,    35.720
0.0880,    35.720
0.0920,    35.720
0.0960,    35.723
0.1000,    35.723
0.1040,    35.723
0.1080,    35.723
0.1120,    35.723
0.1160,    35.723
0.1200,    35.723
0.1240,    35.723
0.1280,    35.723
0.1320,    35.723
0.1360,    35.723
0.1400,    35.726
0.1440,    35.723
0.1480,    35.726
0.1520,    35.726
0.1560,    35.726
0.1600,    35.726
0.1640,    35.726
0.1680,    35.726
0.1720,    35.726
0.1760,    35.726
0.1800,    35.726
0.1840,    35.729
0.1880,    35.729
0.1920,    35.729
0.1960,    35.729
0.2000,    35.732
0.2040,    35.732
0.2080,    35.732
0.2120,    35.732
0.2160,    35.732
0.2200,    35.735
0.2240,    35.735
0.2280,    35.735
0.2320,    35.735
0.2360,    35.735
0.2400,    35.735
0.2440,    35.735
0.2480,    35.735
0.2520,    35.735
0.2560,    35.735
0.2600,    35.735
0.2640,    35.732
0.2680,    35.732
0.2720,    35.732
0.2760,    35.732
0.2800,    35.729
0.2840,    35.729
0.2880,    35.729
0.2920,    35.729
0.2960,    35.729
0.3000,    35.729
0.3040,    35.726
0.3080,    35.726
0.3120,    35.726
0.3160,    35.726
0.3200,    35.726
0.3240,    35.723
0.3280,    35.723
0.3320,    35.723
0.3360,    35.723
0.3400,    35.723
0.3440,    35.726
0.3480,    35.726
0.3520,    35.726
0.3560,    35.726
0.3600,    35.729
0.3640,    35.729
0.3680,    35.729
0.3720,    35.732
0.3760,    35.732
0.3800,    35.732
0.3840,    35.732
0.3880,    35.735
0.3920,    35.735
0.3960,    35.735
0.4000,    35.738
0.4040,    35.738
0.4080,    35.738
0.4120,    35.738
0.4160,    35.738
0.4200,    35.738
0.4240,    35.738
0.4280,    35.738
0.4320,    35.738
0.4360,    35.738
0.4400,    35.738
0.4440,    35.738
0.4480,    35.735
0.4520,    35.735
0.4560,    35.735
0.4600,    35.738
0.4640,    35.738
0.4680,    35.738
0.4720,    35.738
0.4760,    35.738
0.4800,    35.735
0.4840,    35.735
0.4880,    35.738
0.4920,    35.738
0.4960,    35.738
0.5000,    35.738
0.5040,    35.738
0.5080,    35.738
0.5120,    35.741
0.5160,    35.741
0.5200,    35.741
0.5240,    35.741
0.5280,    35.741
0.5320,    35.744
0.5360,    35.744
0.5400,    35.744
0.5440,    35.744
0.5480,    35.744
0.5520,    35.744
0.5560,    35.747
0.5600,    35.747
0.5640,    35.747
0.5680,    35.747
0.5720,    35.747
0.5760,    35.747
0.5800,    35.747
0.5840,    35.744
0.5880,    35.744
0.5920,    35.744
0.5960,    35.744
0.6000,    35.744
0.6040,    35.741
0.6080,    35.741
0.6120,    35.741
0.6160,    35.738
0.6200,    35.738
0.6240,    35.738
0.6280,    35.738
0.6320,    35.735
0.6360,    35.735
0.6400,    35.735
0.6440,    35.735
0.6480,    35.735
0.6520,    35.735
0.6560,    35.735
0.6600,    35.735
0.6640,    35.735
0.6680,    35.738
0.6720,    35.738
0.6760,    35.738
0.6800,    35.738
0.6840,    35.738
0.6880,    35.738
0.6920,    35.738
0.6960,    35.738
0.7000,    35.738
0.7040,    35.738
0.7080,    35.738
0.7120,    35.738
0.7160,    35.738
0.7200,    35.735
0.7240,    35.735
0.7280,    35.735
0.7320,    35.735
0.7360,    35.735
0.7400,    35.732
0.7440,    35.732
0.7480,    35.732
0.7520,    35.732
0.7560,    35.732
0.7600,    35.732
0.7640,    35.732
0.7680,    35.732
0.7720,    35.732
0.7760,    35.732
0.7800,    35.732
0.7840,    35.732
0.7880,    35.732
0.7920,    35.732
0.7960,    35.732
0.8000,    35.732
0.8040,    35.732
0.8080,    35.732
0.8120,    35.732
0.8160,    35.732
0.8200,    35.732
0.8240,    35.735
0.8280,    35.735
0.8320,    35.735
0.8360,    35.735
0.8400,    35.738
0.8440,    35.738
0.8480,    35.738
0.8520,    35.738
0.8560,    35.738
0.8600,    35.741
0.8640,    35.741
0.8680,    35.741
0.8720,    35.741
0.8760,    35.741
0.8800,    35.741
0.8840,    35.741
0.8880,    35.741
0.8920,    35.738
0.8960,    35.738
0.9000,    35.738
0.9040,    35.738
0.9080,    35.738
0.9120,    35.738
0.9160,    35.738
0.9200,    35.738
0.9240,    35.738
0.9280,    35.738
0.9320,    35.738
0.9360,    35.738
0.9400,    35.738
0.9440,    35.735
0.9480,    35.735
0.9520,    35.735
0.9560,    35.735
0.9600,    35.735
0.9640,    35.735
0.9680,    35.735
0.9720,    35.735
0.9760,    35.735
0.9800,    35.735
0.9840,    35.732
0.9880,    35.732
0.9920,    35.732
0.9960,    35.732
1.0000,    35.732
1.0040,    35.732
1.0080,    35.732
1.0120,    35.729
1.0160,    35.729
1.0200,    35.729
1.0240,    35.729
1.0280,    35.729
1.0320,    35.729
1.0360,    35.726
1.0400,    35.726
1.0440,    35.726
1.0480,    35.726
1.0520,    35.726
1.0560,    35.726
1.0600,    35.726
1.0640,    35.726
1.0680,    35.726
1.0720,    35.726
1.0760,    35.723
1.0800,    35.723
1.0840,    35.723
1.0880,    35.723
1.0920,    35.723
1.0960,    35.723
1.1000,    35.723
1.1040,    35.723
1.1080,    35.723
1.1120,    35.723
1.1160,    35.723
1.1200,    35.723
1.1240,    35.726
1.1280,    35.726
1.1320,    35.726
1.1360,    35.726
1.1400,    35.729
1.1440,    35.729
1.1480,    35.729
1.1520,    35.729
1.1560,    35.732
1.1600,    35.732
1.1640,    35.732
1.1680,    35.732
1.1720,    35.735
1.1760,    35.735
1.1800,    35.735
1.1840,    35.735
1.1880,    35.735
1.1920,    35.735
1.1960,    35.735
1.2000,    35.735
1.2040,    35.735
1.2080,    35.735
1.2120,    35.735
1.2160,    35.735
1.2200,    35.735
1.2240,    35.735
1.2280,    35.735
1.2320,    35.735
1.2360,    35.735
1.2400,    35.735
1.2440,    35.735
1.2480,    35.735
1.2520,    35.735
1.2560,    35.738
1.2600,    35.735
1.2640,    35.735
1.2680,    35.735
1.2720,    35.735
1.2760,    35.735
1.2800,    35.735
1.2840,    35.735
1.2880,    35.735
1.2920,    35.735
1.2960,    35.735
1.3000,    35.735
1.3040,    35.735
1.3080,    35.738
1.3120,    35.738
1.3160,    35.738
1.3200,    35.738
1.3240,    35.738
1.3280,    35.738
1.3320,    35.738
1.3360,    35.738
1.3400,    35.738
1.3440,    35.738
1.3480,    35.738
1.3520,    35.738
1.3560,    35.738
1.3600,    35.738
1.3640,    35.735
1.3680,    35.735
1.3720,    35.735
1.3760,    35.735
1.3800,    35.732
1.3840,    35.732
1.3880,    35.732
1.3920,    35.732
1.3960,    35.732
1.4000,    35.732
1.4040,    35.732
1.4080,    35.732
1.4120,    35.732
1.4160,    35.732
1.4200,    35.732
1.4240,    35.732
1.4280,    35.732
1.4320,    35.732
1.4360,    35.732
1.4400,    35.732
1.4440,    35.732
1.4480,    35.732
1.4520,    35.732
1.4560,    35.732
1.4600,    35.732
1.4640,    35.732
1.4680,    35.732
1.4720,    35.729
1.4760,    35.729
1.4800,    35.726
1.4840,    35.726
1.4880,    35.726
1.4920,    35.726
1.4960,    35.726
1.5000,    35.726
1.5040,    35.726
1.5080,    35.726
1.5120,    35.726
1.5160,    35.726
1.5200,    35.723
1.5240,    35.723
1.5280,    35.723
1.5320,    35.723
1.5360,    35.723
1.5400,    35.726
1.5440,    35.726
1.5480,    35.723
1.5520,    35.723
1.5560,    35.723
1.5600,    35.726
1.5640,    35.726
1.5680,    35.726
1.5720,    35.726
1.5760,    35.726
1.5800,    35.726
1.5840,    35.726
1.5880,    35.726
1.5920,    35.726
1.5960,    35.726
1.6000,    35.726
1.6040,    35.726
1.6080,    35.726
1.6120,    35.726
1.6160,    35.726
1.6200,    35.726
1.6240,    35.726
1.6280,    35.726
1.6320,    35.726
1.6360,    35.726
1.6400,    35.726
1.6440,    35.726
1.6480,    35.726
1.6520,    35.726
1.6560,    35.726
1.6600,    35.726
1.6640,    35.726
1.6680,    35.729
1.6720,    35.729
1.6760,    35.729
1.6800,    35.729
1.6840,    35.729
1.6880,    35.729
1.6920,    35.729
1.6960,    35.729
1.7000,    35.729
1.7040,    35.729
1.7080,    35.729
1.7120,    35.729
1.7160,    35.729
1.7200,    35.729
1.7240,    35.732
1.7280,    35.729
1.7320,    35.732
1.7360,    35.732
1.7400,    35.729
1.7440,    35.729
1.7480,    35.729
1.7520,    35.729
1.7560,    35.726
1.7600,    35.726
1.7640,    35.729
1.7680,    35.729
1.7720,    35.729
1.7760,    35.729
1.7800,    35.729
1.7840,    35.729
1.7880,    35.729
1.7920,    35.729
1.7960,    35.729
1.8000,    35.729
1.8040,    35.729
1.8080,    35.729
1.8120,    35.729
1.8160,    35.729
1.8200,    35.729
1.8240,    35.729
1.8280,    35.729
1.8320,    35.729
1.8360,    35.729
1.8400,    35.729
1.8440,    35.729
1.8480,    35.729
1.8520,    35.729
1.8560,    35.729
1.8600,    35.729
1.8640,    35.729
1.8680,    35.729
1.8720,    35.729
1.8760,    35.729
1.8800,    35.729
1.8840,    35.729
1.8880,    35.729
1.8920,    35.729
1.8960,    35.729
1.9000,    35.729
1.9040,    35.729
1.9080,    35.726
1.9120,    35.726
1.9160,    35.729
1.9200,    35.726
1.9240,    35.726
1.9280,    35.726
1.9320,    35.723
1.9360,    35.723
1.9400,    35.723
1.9440,    35.723
1.9480,    35.723
1.9520,    35.723
1.9560,    35.723
1.9600,    35.720
1.9640,    35.720
1.9680,    35.720
1.9720,    35.720
1.9760,    35.723
1.9800,    35.723
1.9840,    35.723
1.9880,    35.723
1.9920,    35.723
1.9960,    35.723
2.0000,    35.723
2.0040,    35.723
2.0080,    35.723
2.0120,    35.723
2.0160,    35.723
2.0200,    35.723
2.0240,    35.723
2.0280,    35.723
2.0320,    35.720
2.0360,    35.720
2.0400,    35.720
2.0440,    35.720
2.0480,    35.720
2.0520,    35.720
2.0560,    35.717
2.0600,    35.717
2.0640,    35.717
2.0680,    35.717
2.0720,    35.717
2.0760,    35.714
2.0800,    35.714
2.0840,    35.714
2.0880,    35.711
2.0920,    35.711
2.0960,    35.711
2.1000,    35.711
2.1040,    35.711
2.1080,    35.711
2.1120,    35.711
2.1160,    35.711
2.1200,    35.711
2.1240,    35.708
2.1280,    35.708
2.1320,    35.708
2.1360,    35.708
2.1400,    35.708
2.1440,    35.708
2.1480,    35.708
2.1520,    35.708
2.1560,    35.708
2.1600,    35.708
2.1640,    35.708
2.1680,    35.708
2.1720,    35.708
2.1760,    35.708
2.1800,    35.708
2.1840,    35.708
2.1880,    35.708
2.1920,    35.708
2.1960,    35.705
2.2000,    35.705
2.2040,    35.705
2.2080,    35.705
2.2120,    35.705
2.2160,    35.705
2.2200,    35.705
2.2240,    35.708
2.2280,    35.708
2.2320,    35.708
2.2360,    35.708
2.2400,    35.708
2.2440,    35.711
2.2480,    35.711
2.2520,    35.714
2.2560,    35.714
2.2600,    35.714
2.2640,    35.717
2.2680,    35.717
2.2720,    35.717
2.2760,    35.720
2.2800,    35.720
2.2840,    35.720
2.2880,    35.720
2.2920,    35.720
2.2960,    35.723
2.3000,    35.723
2.3040,    35.723
2.3080,    35.726
2.3120,    35.726
2.3160,    35.726
2.3200,    35.726
2.3240,    35.723
2.3280,    35.723
2.3320,    35.723
2.3360,    35.726
2.3400,    35.726
2.3440,    35.723
2.3480,    35.723
2.3520,    35.723
2.3560,    35.723
2.3600,    35.723
2.3640,    35.723
2.3680,    35.723
2.3720,    35.723
2.3760,    35.723
2.3800,    35.723
2.3840,    35.723
2.3880,    35.723
2.3920,    35.723
2.3960,    35.723
2.4000,    35.723
2.4040,    35.723
2.4080,    35.723
2.4120,    35.720
2.4160,    35.720
2.4200,    35.720
2.4240,    35.720
2.4280,    35.720
2.4320,    35.720
2.4360,    35.720
2.4400,    35.720
2.4440,    35.720
2.4480,    35.720
2.4520,    35.720
2.4560,    35.720
2.4600,    35.720
2.4640,    35.720
2.4680,    35.720
2.4720,    35.717
2.4760,    35.717
2.4800,    35.717
2.4840,    35.717
2.4880,    35.717
2.4920,    35.717
2.4960,    35.717
2.5000,    35.717
2.5040,    35.717
2.5080,    35.717
2.5120,    35.717
2.5160,    35.717
2.5200,    35.717
2.5240,    35.717
2.5280,    35.720
2.5320,    35.720
2.5360,    35.720
2.5400,    35.720
2.5440,    35.723
2.5480,    35.723
2.5520,    35.723
2.5560,    35.723
2.5600,    35.726
2.5640,    35.726
2.5680,    35.726
2.5720,    35.723
2.5760,    35.723
2.5800,    35.723
2.5840,    35.723
2.5880,    35.723
2.5920,    35.723
2.5960,    35.723
2.6000,    35.723
2.6040,    35.723
2.6080,    35.720
2.6120,    35.720
2.6160,    35.720
2.6200,    35.720
2.6240,    35.717
2.6280,    35.717
2.6320,    35.717
2.6360,    35.717
2.6400,    35.714
2.6440,    35.714
2.6480,    35.714
2.6520,    35.714
2.6560,    35.714
2.6600,    35.714
2.6640,    35.714
2.6680,    35.714
2.6720,    35.714
2.6760,    35.714
2.6800,    35.714
2.6840,    35.714
2.6880,    35.714
2.6920,    35.714
2.6960,    35.714
2.7000,    35.714
2.7040,    35.714
2.7080,    35.714
2.7120,    35.714
2.7160,    35.714
2.7200,    35.714
2.7240,    35.714
2.7280,    35.717
2.7320,    35.717
2.7360,    35.717
2.7400,    35.720
2.7440,    35.717
2.7480,    35.717
2.7520,    35.720
2.7560,    35.720
2.7600,    35.717
2.7640,    35.717
2.7680,    35.717
2.7720,    35.720
2.7760,    35.717
2.7800,    35.717
2.7840,    35.717
2.7880,    35.717
2.7920,    35.717
2.7960,    35.717
2.8000,    35.717
2.8040,    35.714
2.8080,    35.714
2.8120,    35.717
2.8160,    35.717
2.8200,    35.717
2.8240,    35.717
2.8280,    35.717
2.8320,    35.717
2.8360,    35.717
2.8400,    35.717
2.8440,    35.717
2.8480,    35.717
2.8520,    35.717
2.8560,    35.717
2.8600,    35.717
2.8640,    35.714
2.8680,    35.714
2.8720,    35.714
2.8760,    35.714
2.8800,    35.714
2.8840,    35.714
2.8880,    35.714
2.8920,    35.714
2.8960,    35.711
2.9000,    35.711
2.9040,    35.711
2.9080,    35.711
2.9120,    35.711
2.9160,    35.711
2.9200,    35.711
2.9240,    35.711
2.9280,    35.711
2.9320,    35.711
2.9360,    35.711
2.9400,    35.711
2.9440,    35.711
2.9480,    35.711
2.9520,    35.711
2.9560,    35.711
2.9600,    35.711
2.9640,    35.711
2.9680,    35.714
2.9720,    35.714
2.9760,    35.714
2.9800,    35.714
2.9840,    35.717
2.9880,    35.717
2.9920,    35.717
2.9960,    35.720
3.0000,    35.720
3.0040,    35.723
3.0080,    35.723
3.0120,    35.723
3.0160,    35.723
3.0200,    35.723
3.0240,    35.723
3.0280,    35.723
3.0320,    35.726
3.0360,    35.726
3.0400,    35.726
3.0440,    35.726
3.0480,    35.726
3.0520,    35.726
3.0560,    35.726
3.0600,    35.729
3.0640,    35.729
3.0680,    35.729
3.0720,    35.729
3.0760,    35.732
3.0800,    35.732
3.0840,    35.729
3.0880,    35.729
3.0920,    35.732
3.0960,    35.729
3.1000,    35.729
3.1040,    35.729
3.1080,    35.729
3.1120,    35.732
3.1160,    35.732
3.1200,    35.732
3.1240,    35.732
3.1280,    35.732
3.1320,    35.735
3.1360,    35.735
3.1400,    35.735
3.1440,    35.735
3.1480,    35.735
3.1520,    35.735
3.1560,    35.735
3.1600,    35.738
3.1640,    35.738
3.1680,    35.738
3.1720,    35.738
3.1760,    35.738
3.1800,    35.738
3.1840,    35.738
3.1880,    35.738
3.1920,    35.738
3.1960,    35.738
3.2000,    35.738
3.2040,    35.738
3.2080,    35.738
3.2120,    35.741
3.2160,    35.741
3.2200,    35.741
3.2240,    35.744
3.2280,    35.744
3.2320,    35.744
3.2360,    35.744
3.2400,    35.744
3.2440,    35.744
3.2480,    35.741
3.2520,    35.741
3.2560,    35.741
3.2600,    35.741
3.2640,    35.741
3.2680,    35.738
3.2720,    35.738
3.2760,    35.738
3.2800,    35.735
3.2840,    35.735
3.2880,    35.735
3.2920,    35.735
3.2960,    35.735
3.3000,    35.735
3.3040,    35.732
3.3080,    35.732
3.3120,    35.732
3.3160,    35.732
3.3200,    35.732
3.3240,    35.732
3.3280,    35.732
3.3320,    35.732
3.3360,    35.732
3.3400,    35.732
3.3440,    35.732
3.3480,    35.732
3.3520,    35.732
3.3560,    35.729
3.3600,    35.729
3.3640,    35.729
3.3680,    35.729
3.3720,    35.729
3.3760,    35.729
3.3800,    35.729
3.3840,    35.729
3.3880,    35.726
3.3920,    35.726
3.3960,    35.726
3.4000,    35.726
3.4040,    35.726
3.4080,    35.723
3.4120,    35.723
3.4160,    35.723
3.4200,    35.723
3.4240,    35.723
3.4280,    35.723
3.4320,    35.723
3.4360,    35.723
3.4400,    35.726
3.4440,    35.726
3.4480,    35.726
3.4520,    35.726
3.4560,    35.726
3.4600,    35.726
3.4640,    35.726
3.4680,    35.726
3.4720,    35.726
3.4760,    35.726
3.4800,    35.726
3.4840,    35.726
3.4880,    35.726
3.4920,    35.726
3.4960,    35.726
3.5000,    35.726
3.5040,    35.726
3.5080,    35.723
3.5120,    35.723
3.5160,    35.723
3.5200,    35.723
3.5240,    35.723
3.5280,    35.723
3.5320,    35.720
3.5360,    35.720
3.5400,    35.720
3.5440,    35.720
3.5480,    35.720
3.5520,    35.720
3.5560,    35.717
3.5600,    35.717
3.5640,    35.720
3.5680,    35.717
3.5720,    35.717
3.5760,    35.717
3.5800,    35.717
3.5840,    35.717
3.5880,    35.717
3.5920,    35.717
3.5960,    35.717
3.6000,    35.720
3.6040,    35.720
3.6080,    35.720
3.6120,    35.720
3.6160,    35.720
3.6200,    35.720
3.6240,    35.723
3.6280,    35.723
3.6320,    35.723
3.6360,    35.723
3.6400,    35.723
3.6440,    35.726
3.6480,    35.726
3.6520,    35.726
3.6560,    35.726
3.6600,    35.729
3.6640,    35.729
3.6680,    35.729
3.6720,    35.729
3.6760,    35.729
3.6800,    35.729
3.6840,    35.729
3.6880,    35.732
3.6920,    35.729
3.6960,    35.729
3.7000,    35.729
3.7040,    35.729
3.7080,    35.729
3.7120,    35.729
3.7160,    35.729
3.7200,    35.729
3.7240,    35.729
3.7280,    35.729
3.7320,    35.729
3.7360,    35.729
3.7400,    35.729
3.7440,    35.729
3.7480,    35.732
3.7520,    35.732
3.7560,    35.735
3.7600,    35.735
3.7640,    35.735
3.7680,    35.735
3.7720,    35.735
3.7760,    35.738
3.7800,    35.738
3.7840,    35.738
3.7880,    35.738
3.7920,    35.738
3.7960,    35.738
3.8000,    35.741
3.8040,    35.741
3.8080,    35.741
3.8120,    35.741
3.8160,    35.741
3.8200,    35.741
3.8240,    35.741
3.8280,    35.738
3.8320,    35.738
3.8360,    35.738
3.8400,    35.738
3.8440,    35.738
3.8480,    35.738
3.8520,    35.738
3.8560,    35.738
3.8600,    35.738
3.8640,    35.735
3.8680,    35.735
3.8720,    35.735
3.8760,    35.735
3.8800,    35.735
3.8840,    35.735
3.8880,    35.732
3.8920,    35.732
3.8960,    35.732
3.9000,    35.732
3.9040,    35.732
3.9080,    35.732
3.9120,    35.732
3.9160,    35.732
3.9200,    35.732
3.9240,    35.732
3.9280,    35.732
3.9320,    35.732
3.9360,    35.732
3.9400,    35.732
3.9440,    35.732
3.9480,    35.732
3.9520,    35.732
3.9560,    35.732
3.9600,    35.729
3.9640,    35.729
3.9680,    35.729
3.9720,    35.729
3.9760,    35.729
3.9800,    35.729
3.9840,    35.729
3.9880,    35.729
3.9920,    35.729
3.9960,    35.726
4.0000,    35.726
4.0040,    35.726
4.0080,    35.726
4.0120,    35.729
4.0160,    35.729
4.0200,    35.729
4.0240,    35.726
4.0280,    35.726
4.0320,    35.726
4.0360,    35.726
4.0400,    35.726
4.0440,    35.726
4.0480,    35.726
4.0520,    35.729
4.0560,    35.729
4.0600,    35.729
4.0640,    35.729
4.0680,    35.729
4.0720,    35.729
4.0760,    35.729
4.0800,    35.729
4.0840,    35.729
4.0880,    35.729
4.0920,    35.729
4.0960,    35.732
4.1000,    35.732
4.1040,    35.732
4.1080,    35.735
4.1120,    35.735
4.1160,    35.735
4.1200,    35.735
4.1240,    35.738
4.1280,    35.738
4.1320,    35.738
4.1360,    35.738
4.1400,    35.741
4.1440,    35.741
4.1480,    35.741
4.1520,    35.741
4.1560,    35.741
4.1600,    35.741
4.1640,    35.741
4.1680,    35.741
4.1720,    35.741
4.1760,    35.738
4.1800,    35.738
4.1840,    35.738
4.1880,    35.735
4.1920,    35.735
4.1960,    35.735
4.2000,    35.735
4.2040,    35.735
4.2080,    35.735
4.2120,    35.735
4.2160,    35.735
4.2200,    35.735
4.2240,    35.735
4.2280,    35.735
4.2320,    35.735
4.2360,    35.735
4.2400,    35.738
4.2440,    35.738
4.2480,    35.738
4.2520,    35.738
4.2560,    35.738
4.2600,    35.738
4.2640,    35.738
4.2680,    35.738
4.2720,    35.738
4.2760,    35.738
4.2800,    35.741
4.2840,    35.741
4.2880,    35.741
4.2920,    35.741
4.2960,    35.741
4.3000,    35.741
4.3040,    35.744
4.3080,    35.744
4.3120,    35.744
4.3160,    35.744
4.3200,    35.744
4.3240,    35.744
4.3280,    35.744
4.3320,    35.747
4.3360,    35.747
4.3400,    35.747
4.3440,    35.747
4.3480,    35.747
4.3520,    35.747
4.3560,    35.750
4.3600,    35.750
4.3640,    35.750
4.3680,    35.750
4.3720,    35.750
4.3760,    35.754
4.3800,    35.754
4.3840,    35.754
4.3880,    35.754
4.3920,    35.757
4.3960,    35.757
4.4000,    35.757
4.4040,    35.757
4.4080,    35.760
4.4120,    35.760
4.4160,    35.760
4.4200,    35.760
4.4240,    35.760
4.4280,    35.760
4.4320,    35.763
4.4360,    35.763
4.4400,    35.763
4.4440,    35.763
4.4480,    35.763
4.4520,    35.763
4.4560,    35.763
4.4600,    35.760
4.4640,    35.760
4.4680,    35.760
4.4720,    35.760
4.4760,    35.760
4.4800,    35.757
4.4840,    35.757
4.4880,    35.757
4.4920,    35.757
4.4960,    35.754
4.5000,    35.754
4.5040,    35.754
4.5080,    35.754
4.5120,    35.754
4.5160,    35.750
4.5200,    35.750
4.5240,    35.750
4.5280,    35.750
4.5320,    35.747
4.5360,    35.747
4.5400,    35.747
4.5440,    35.744
4.5480,    35.744
4.5520,    35.744
4.5560,    35.744
4.5600,    35.744
4.5640,    35.744
4.5680,    35.744
4.5720,    35.744
4.5760,    35.741
4.5800,    35.741
4.5840,    35.741
4.5880,    35.741
4.5920,    35.741
4.5960,    35.741
4.6000,    35.741
4.6040,    35.741
4.6080,    35.741
4.6120,    35.741
4.6160,    35.744
4.6200,    35.744
4.6240,    35.744
4.6280,    35.744
4.6320,    35.744
4.6360,    35.747
4.6400,    35.747
4.6440,    35.747
4.6480,    35.747
4.6520,    35.747
4.6560,    35.747
4.6600,    35.750
4.6640,    35.750
4.6680,    35.750
4.6720,    35.750
4.6760,    35.754
4.6800,    35.754
4.6840,    35.750
4.6880,    35.750
4.6920,    35.750
4.6960,    35.750
4.7000,    35.750
4.7040,    35.750
4.7080,    35.750
4.7120,    35.750
4.7160,    35.750
4.7200,    35.750
4.7240,    35.747
4.7280,    35.747
4.7320,    35.747
4.7360,    35.747
4.7400,    35.747
4.7440,    35.747
4.7480,    35.747
4.7520,    35.747
4.7560,    35.747
4.7600,    35.744
4.7640,    35.744
4.7680,    35.744
4.7720,    35.744
4.7760,    35.744
4.7800,    35.744
4.7840,    35.744
4.7880,    35.747
4.7920,    35.744
4.7960,    35.744
4.8000,    35.747
4.8040,    35.747
4.8080,    35.747
4.8120,    35.747
4.8160,    35.747
4.8200,    35.747
4.8240,    35.747
4.8280,    35.747
4.8320,    35.750
4.8360,    35.750
4.8400,    35.750
4.8440,    35.750
4.8480,    35.750
4.8520,    35.750
4.8560,    35.747
4.8600,    35.747
4.8640,    35.747
4.8680,    35.744
4.8720,    35.744
4.8760,    35.744
4.8800,    35.744
4.8840,    35.744
4.8880,    35.744
4.8920,    35.744
4.8960,    35.744
4.9000,    35.744
4.9040,    35.744
4.9080,    35.744
4.9120,    35.744
4.9160,    35.744
4.9200,    35.744
4.9240,    35.744
4.9280,    35.744
4.9320,    35.744
4.9360,    35.744
4.9400,    35.741
4.9440,    35.741
4.9480,    35.741
4.9520,    35.744
4.9560,    35.744
4.9600,    35.744
4.9640,    35.747
4.9680,    35.747
4.9720,    35.747
4.9760,    35.747
4.9800,    35.747
4.9840,    35.747
4.9880,    35.747
4.9920,    35.747
4.9960,    35.750
5.0000,    35.750
5.0040,    35.750
5.0080,    35.750
5.0120,    35.750
5.0160,    35.754
5.0200,    35.754
5.0240,    35.754
5.0280,    35.754
5.0320,    35.754
5.0360,    35.754
5.0400,    35.754
5.0440,    35.754
5.0480,    35.754
5.0520,    35.754
5.0560,    35.754
5.0600,    35.754
5.0640,    35.754
5.0680,    35.754
5.0720,    35.754
5.0760,    35.754
5.0800,    35.750
5.0840,    35.750
5.0880,    35.750
5.0920,    35.747
5.0960,    35.747
5.1000,    35.747
5.1040,    35.744
5.1080,    35.744
5.1120,    35.744
5.1160,    35.744
5.1200,    35.747
5.1240,    35.747
5.1280,    35.747
5.1320,    35.747
5.1360,    35.747
5.1400,    35.747
5.1440,    35.747
5.1480,    35.747
5.1520,    35.747
5.1560,    35.747
5.1600,    35.747
5.1640,    35.747
5.1680,    35.747
5.1720,    35.747
5.1760,    35.747
5.1800,    35.747
5.1840,    35.747
5.1880,    35.747
5.1920,    35.747
5.1960,    35.750
5.2000,    35.750
5.2040,    35.750
5.2080,    35.750
5.2120,    35.750
5.2160,    35.750
5.2200,    35.754
5.2240,    35.754
5.2280,    35.754
5.2320,    35.754
5.2360,    35.754
5.2400,    35.754
5.2440,    35.754
5.2480,    35.757
5.2520,    35.757
5.2560,    35.757
5.2600,    35.757
5.2640,    35.757
5.2680,    35.754
5.2720,    35.754
5.2760,    35.750
5.2800,    35.750
5.2840,    35.750
5.2880,    35.750
5.2920,    35.750
5.2960,    35.747
5.3000,    35.747
5.3040,    35.750
5.3080,    35.750
5.3120,    35.750
5.3160,    35.747
5.3200,    35.750
5.3240,    35.750
5.3280,    35.750
5.3320,    35.750
5.3360,    35.750
5.3400,    35.747
5.3440,    35.747
5.3480,    35.747
5.3520,    35.747
5.3560,    35.747
5.3600,    35.747
5.3640,    35.747
5.3680,    35.747
5.3720,    35.747
5.3760,    35.747
5.3800,    35.747
5.3840,    35.747
5.3880,    35.747
5.3920,    35.744
5.3960,    35.744
5.4000,    35.744
5.4040,    35.744
5.4080,    35.744
5.4120,    35.744
5.4160,    35.744
5.4200,    35.744
5.4240,    35.744
5.4280,    35.744
5.4320,    35.744
5.4360,    35.744
5.4400,    35.744
5.4440,    35.744
5.4480,    35.744
5.4520,    35.744
5.4560,    35.744
5.4600,    35.744
5.4640,    35.744
5.4680,    35.747
5.4720,    35.747
5.4760,    35.747
5.4800,    35.744
5.4840,    35.747
5.4880,    35.747
5.4920,    35.747
5.4960,    35.747
5.5000,    35.747
5.5040,    35.744
5.5080,    35.744
5.5120,    35.744
5.5160,    35.744
5.5200,    35.744
5.5240,    35.744
5.5280,    35.744
5.5320,    35.744
5.5360,    35.744
5.5400,    35.744
5.5440,    35.744
5.5480,    35.744
5.5520,    35.744
5.5560,    35.741
5.5600,    35.744
5.5640,    35.744
5.5680,    35.741
5.5720,    35.741
5.5760,    35.741
5.5800,    35.741
5.5840,    35.744
5.5880,    35.744
5.5920,    35.744
5.5960,    35.744
5.6000,    35.747
5.6040,    35.747
5.6080,    35.747
5.6120,    35.747
5.6160,    35.750
5.6200,    35.750
5.6240,    35.750
5.6280,    35.750
5.6320,    35.750
5.6360,    35.750
5.6400,    35.750
5.6440,    35.750
5.6480,    35.750
5.6520,    35.750
5.6560,    35.750
5.6600,    35.750
5.6640,    35.750
5.6680,    35.750
5.6720,    35.747
5.6760,    35.747
5.6800,    35.747
5.6840,    35.747
5.6880,    35.747
5.6920,    35.747
5.6960,    35.747
5.7000,    35.747
5.7040,    35.747
5.7080,    35.747
5.7120,    35.747
5.7160,    35.744
5.7200,    35.744
5.7240,    35.744
5.7280,    35.744
5.7320,    35.744
5.7360,    35.741
5.7400,    35.741
5.7440,    35.741
5.7480,    35.741
5.7520,    35.741
5.7560,    35.741
5.7600,    35.741
5.7640,    35.741
5.7680,    35.741
5.7720,    35.741
5.7760,    35.741
5.7800,    35.741
5.7840,    35.741
5.7880,    35.741
5.7920,    35.741
5.7960,    35.741
5.8000,    35.741
5.8040,    35.741
5.8080,    35.741
5.8120,    35.741
5.8160,    35.738
5.8200,    35.738
5.8240,    35.738
5.8280,    35.741
5.8320,    35.741
5.8360,    35.741
5.8400,    35.741
5.8440,    35.741
5.8480,    35.741
5.8520,    35.741
5.8560,    35.741
5.8600,    35.741
5.8640,    35.741
5.8680,    35.738
5.8720,    35.738
5.8760,    35.738
5.8800,    35.738
5.8840,    35.738
5.8880,    35.738
5.8920,    35.738
5.8960,    35.738
5.9000,    35.738
5.9040,    35.738
5.9080,    35.738
5.9120,    35.741
5.9160,    35.741
5.9200,    35.741
5.9240,    35.741
5.9280,    35.741
5.9320,    35.741
5.9360,    35.744
5.9400,    35.744
5.9440,    35.744
5.9480,    35.747
5.9520,    35.747
5.9560,    35.747
5.9600,    35.747
5.9640,    35.747
5.9680,    35.747
5.9720,    35.747
5.9760,    35.747
5.9800,    35.747
5.9840,    35.750
5.9880,    35.750
5.9920,    35.750
5.9960,    35.747
6.0000,    35.747
6.0040,    35.747
6.0080,    35.747
6.0120,    35.747
6.0160,    35.744
6.0200,    35.747
6.0240,    35.747
6.0280,    35.747
6.0320,    35.747
6.0360,    35.747
6.0400,    35.747
6.0440,    35.750
6.0480,    35.750
6.0520,    35.750
6.0560,    35.750
6.0600,    35.750
6.0640,    35.754
6.0680,    35.754
6.0720,    35.754
6.0760,    35.754
6.0800,    35.750
6.0840,    35.750
6.0880,    35.750
6.0920,    35.750
6.0960,    35.750
6.1000,    35.750
6.1040,    35.747
6.1080,    35.747
6.1120,    35.747
6.1160,    35.744
6.1200,    35.744
6.1240,    35.741
6.1280,    35.741
6.1320,    35.738
6.1360,    35.738
6.1400,    35.741
6.1440,    35.741
6.1480,    35.741
6.1520,    35.741
6.1560,    35.741
6.1600,    35.741
6.1640,    35.741
6.1680,    35.741
6.1720,    35.741
6.1760,    35.741
6.1800,    35.741
6.1840,    35.741
6.1880,    35.741
6.1920,    35.741
6.1960,    35.741
6.2000,    35.741
6.2040,    35.741
6.2080,    35.738
6.2120,    35.738
6.2160,    35.738
6.2200,    35.738
6.2240,    35.738
6.2280,    35.738
6.2320,    35.738
6.2360,    35.738
6.2400,    35.738
6.2440,    35.738
6.2480,    35.738
6.2520,    35.738
6.2560,    35.738
6.2600,    35.738
6.2640,    35.738
6.2680,    35.738
6.2720,    35.738
6.2760,    35.738
6.2800,    35.738
6.2840,    35.738
6.2880,    35.738
6.2920,    35.738
6.2960,    35.738
6.3000,    35.738
6.3040,    35.738
6.3080,    35.738
6.3120,    35.738
6.3160,    35.738
6.3200,    35.738
6.3240,    35.738
6.3280,    35.738
6.3320,    35.735
6.3360,    35.735
6.3400,    35.735
6.3440,    35.735
6.3480,    35.732
6.3520,    35.732
6.3560,    35.732
6.3600,    35.735
6.3640,    35.735
6.3680,    35.735
6.3720,    35.735
6.3760,    35.735
6.3800,    35.732
6.3840,    35.732
6.3880,    35.732
6.3920,    35.732
6.3960,    35.732
6.4000,    35.732
6.4040,    35.732
6.4080,    35.732
6.4120,    35.732
6.4160,    35.735
6.4200,    35.735
6.4240,    35.735
6.4280,    35.735
6.4320,    35.738
6.4360,    35.738
6.4400,    35.738
6.4440,    35.738
6.4480,    35.738
6.4520,    35.741
6.4560,    35.741
6.4600,    35.741
6.4640,    35.741
6.4680,    35.741
6.4720,    35.741
6.4760,    35.741
6.4800,    35.741
6.4840,    35.741
6.4880,    35.741
6.4920,    35.744
6.4960,    35.744
6.5000,    35.744
6.5040,    35.747
6.5080,    35.747
6.5120,    35.747
6.5160,    35.747
6.5200,    35.750
6.5240,    35.750
6.5280,    35.754
6.5320,    35.754
6.5360,    35.754
6.5400,    35.754
6.5440,    35.754
6.5480,    35.754
6.5520,    35.754
6.5560,    35.754
6.5600,    35.754
6.5640,    35.754
6.5680,    35.754
6.5720,    35.754
6.5760,    35.754
6.5800,    35.754
6.5840,    35.750
6.5880,    35.750
6.5920,    35.750
6.5960,    35.750
6.6000,    35.747
6.6040,    35.747
6.6080,    35.747
6.6120,    35.747
6.6160,    35.747
6.6200,    35.750
6.6240,    35.750
6.6280,    35.750
6.6320,    35.750
6.6360,    35.750
6.6400,    35.754
6.6440,    35.754
6.6480,    35.754
6.6520,    35.754
6.6560,    35.754
6.6600,    35.754
6.6640,    35.754
6.6680,    35.754
6.6720,    35.757
6.6760,    35.757
6.6800,    35.757
6.6840,    35.757
6.6880,    35.757
6.6920,    35.754
6.6960,    35.754
6.7000,    35.754
6.7040,    35.754
6.7080,    35.754
6.7120,    35.757
6.7160,    35.754
6.7200,    35.754
6.7240,    35.754
6.7280,    35.757
6.7320,    35.754
6.7360,    35.754
6.7400,    35.754
6.7440,    35.754
6.7480,    35.754
6.7520,    35.754
6.7560,    35.754
6.7600,    35.754
6.7640,    35.750
6.7680,    35.750
6.7720,    35.750
6.7760,    35.750
6.7800,    35.750
6.7840,    35.750
6.7880,    35.750
6.7920,    35.750
6.7960,    35.750
6.8000,    35.750
6.8040,    35.750
6.8080,    35.754
6.8120,    35.754
6.8160,    35.754
6.8200,    35.750
6.8240,    35.750
6.8280,    35.750
6.8320,    35.750
6.8360,    35.747
6.8400,    35.747
6.8440,    35.747
6.8480,    35.747
6.8520,    35.747
6.8560,    35.747
6.8600,    35.747
6.8640,    35.747
6.8680,    35.747
6.8720,    35.747
6.8760,    35.747
6.8800,    35.747
6.8840,    35.747
6.8880,    35.747
6.8920,    35.747
6.8960,    35.747
6.9000,    35.750
6.9040,    35.750
6.9080,    35.750
6.9120,    35.754
6.9160,    35.754
6.9200,    35.754
6.9240,    35.754
6.9280,    35.754
6.9320,    35.757
6.9360,    35.757
6.9400,    35.757
6.9440,    35.757
6.9480,    35.760
6.9520,    35.760
6.9560,    35.760
6.9600,    35.760
6.9640,    35.760
6.9680,    35.760
6.9720,    35.760
6.9760,    35.763
6.9800,    35.763
6.9840,    35.763
6.9880,    35.763
6.9920,    35.763
6.9960,    35.763
7.0000,    35.763
7.0040,    35.763
7.0080,    35.760
7.0120,    35.760
7.0160,    35.760
7.0200,    35.760
7.0240,    35.760
7.0280,    35.757
7.0320,    35.757
7.0360,    35.757
7.0400,    35.757
7.0440,    35.754
7.0480,    35.754
7.0520,    35.754
7.0560,    35.750
7.0600,    35.750
7.0640,    35.754
7.0680,    35.754
7.0720,    35.754
7.0760,    35.754
7.0800,    35.754
7.0840,    35.754
7.0880,    35.754
7.0920,    35.754
7.0960,    35.754
7.1000,    35.754
7.1040,    35.754
7.1080,    35.754
7.1120,    35.754
7.1160,    35.754
7.1200,    35.754
7.1240,    35.754
7.1280,    35.754
7.1320,    35.754
7.1360,    35.754
7.1400,    35.754
7.1440,    35.754
7.1480,    35.754
7.1520,    35.750
7.1560,    35.750
7.1600,    35.750
7.1640,    35.750
7.1680,    35.747
7.1720,    35.747
7.1760,    35.747
7.1800,    35.747
7.1840,    35.747
7.1880,    35.747
7.1920,    35.747
7.1960,    35.747
7.2000,    35.744
7.2040,    35.744
7.2080,    35.744
7.2120,    35.744
7.2160,    35.744
7.2200,    35.744
7.2240,    35.747
7.2280,    35.747
7.2320,    35.747
7.2360,    35.747
7.2400,    35.747
7.2440,    35.747
7.2480,    35.747
7.2520,    35.747
7.2560,    35.744
7.2600,    35.744
7.2640,    35.744
7.2680,    35.744
7.2720,    35.744
7.2760,    35.741
7.2800,    35.741
7.2840,    35.741
7.2880,    35.738
7.2920,    35.741
7.2960,    35.741
7.3000,    35.738
7.3040,    35.738
7.3080,    35.738
7.3120,    35.741
7.3160,    35.741
7.3200,    35.741
7.3240,    35.741
7.3280,    35.741
7.3320,    35.741
7.3360,    35.741
7.3400,    35.741
7.3440,    35.741
7.3480,    35.741
7.3520,    35.741
7.3560,    35.741
7.3600,    35.741
7.3640,    35.741
7.3680,    35.738
7.3720,    35.738
7.3760,    35.741
7.3800,    35.741
7.3840,    35.741
7.3880,    35.741
7.3920,    35.741
7.3960,    35.741
7.4000,    35.744
7.4040,    35.744
7.4080,    35.744
7.4120,    35.744
7.4160,    35.741
7.4200,    35.741
7.4240,    35.741
7.4280,    35.741
7.4320,    35.741
7.4360,    35.741
7.4400,    35.741
7.4440,    35.741
7.4480,    35.741
7.4520,    35.741
7.4560,    35.741
7.4600,    35.741
7.4640,    35.741
7.4680,    35.744
7.4720,    35.744
7.4760,    35.744
7.4800,    35.744
7.4840,    35.744
7.4880,    35.744
7.4920,    35.744
7.4960,    35.744
7.5000,    35.744
7.5040,    35.747
7.5080,    35.744
7.5120,    35.744
7.5160,    35.747
7.5200,    35.747
7.5240,    35.747
7.5280,    35.744
7.5320,    35.744
7.5360,    35.747
7.5400,    35.747
7.5440,    35.747
7.5480,    35.747
7.5520,    35.747
7.5560,    35.747
7.5600,    35.747
7.5640,    35.747
7.5680,    35.747
7.5720,    35.747
7.5760,    35.747
7.5800,    35.747
7.5840,    35.750
7.5880,    35.750
7.5920,    35.750
7.5960,    35.750
7.6000,    35.754
7.6040,    35.754
7.6080,    35.754
7.6120,    35.754
7.6160,    35.754
7.6200,    35.754
7.6240,    35.754
7.6280,    35.754
7.6320,    35.754
7.6360,    35.750
7.6400,    35.750
7.6440,    35.750
7.6480,    35.750
7.6520,    35.747
7.6560,    35.750
7.6600,    35.750
7.6640,    35.750
7.6680,    35.750
7.6720,    35.750
7.6760,    35.747
7.6800,    35.747
7.6840,    35.747
7.6880,    35.747
7.6920,    35.747
7.6960,    35.747
7.7000,    35.747
7.7040,    35.750
7.7080,    35.750
7.7120,    35.750
7.7160,    35.750
7.7200,    35.750
7.7240,    35.754
7.7280,    35.754
7.7320,    35.754
7.7360,    35.754
7.7400,    35.754
7.7440,    35.757
7.7480,    35.757
7.7520,    35.757
7.7560,    35.757
7.7600,    35.757
7.7640,    35.754
7.7680,    35.754
7.7720,    35.754
7.7760,    35.754
7.7800,    35.754
7.7840,    35.754
7.7880,    35.754
7.7920,    35.754
7.7960,    35.754
7.8000,    35.754
7.8040,    35.754
7.8080,    35.754
7.8120,    35.754
7.8160,    35.754
7.8200,    35.754
7.8240,    35.754
7.8280,    35.754
7.8320,    35.754
7.8360,    35.754
7.8400,    35.754
7.8440,    35.754
7.8480,    35.750
7.8520,    35.750
7.8560,    35.750
7.8600,    35.750
7.8640,    35.750
7.8680,    35.750
7.8720,    35.750
7.8760,    35.750
7.8800,    35.750
7.8840,    35.750
7.8880,    35.750
7.8920,    35.750
7.8960,    35.750
7.9000,    35.754
7.9040,    35.754
7.9080,    35.754
7.9120,    35.754
7.9160,    35.754
7.9200,    35.754
7.9240,    35.754
7.9280,    35.757
7.9320,    35.754
7.9360,    35.754
7.9400,    35.754
7.9440,    35.754
7.9480,    35.754
7.9520,    35.754
7.9560,    35.750
7.9600,    35.754
7.9640,    35.754
7.9680,    35.754
7.9720,    35.754
7.9760,    35.754
7.9800,    35.754
7.9840,    35.754
7.9880,    35.750
7.9920,    35.750
7.9960,    35.750
8.0000,    35.750
8.0040,    35.750
8.0080,    35.750
8.0120,    35.750
8.0160,    35.754
8.0200,    35.754
8.0240,    35.754
8.0280,    35.754
8.0320,    35.754
8.0360,    35.754
8.0400,    35.754
8.0440,    35.754
8.0480,    35.754
8.0520,    35.754
8.0560,    35.754
8.0600,    35.754
8.0640,    35.754
8.0680,    35.754
8.0720,    35.754
8.0760,    35.754
8.0800,    35.754
8.0840,    35.750
8.0880,    35.750
8.0920,    35.750
8.0960,    35.750
8.1000,    35.750
8.1040,    35.750
8.1080,    35.747
8.1120,    35.747
8.1160,    35.747
8.1200,    35.747
8.1240,    35.744
8.1280,    35.744
8.1320,    35.747
8.1360,    35.747
8.1400,    35.747
8.1440,    35.747
8.1480,    35.747
8.1520,    35.747
8.1560,    35.747
8.1600,    35.747
8.1640,    35.747
8.1680,    35.747
8.1720,    35.747
8.1760,    35.747
8.1800,    35.744
8.1840,    35.744
8.1880,    35.744
8.1920,    35.744
8.1960,    35.744
8.2000,    35.744
8.2040,    35.741
8.2080,    35.741
8.2120,    35.741
8.2160,    35.741
8.2200,    35.741
8.2240,    35.741
8.2280,    35.741
8.2320,    35.741
8.2360,    35.741
8.2400,    35.744
8.2440,    35.744
8.2480,    35.744
8.2520,    35.744
8.2560,    35.744
8.2600,    35.747
8.2640,    35.747
8.2680,    35.747
8.2720,    35.750
8.2760,    35.750
8.2800,    35.750
8.2840,    35.750
8.2880,    35.750
8.2920,    35.750
8.2960,    35.750
8.3000,    35.754
8.3040,    35.754
8.3080,    35.754
8.3120,    35.754
8.3160,    35.754
8.3200,    35.757
8.3240,    35.757
8.3280,    35.754
8.3320,    35.754
8.3360,    35.757
8.3400,    35.757
8.3440,    35.757
8.3480,    35.757
8.3520,    35.757
8.3560,    35.757
8.3600,    35.754
8.3640,    35.754
8.3680,    35.750
8.3720,    35.750
8.3760,    35.747
8.3800,    35.747
8.3840,    35.747
8.3880,    35.747
8.3920,    35.744
8.3960,    35.744
8.4000,    35.744
8.4040,    35.744
8.4080,    35.744
8.4120,    35.744
8.4160,    35.744
8.4200,    35.744
8.4240,    35.744
8.4280,    35.744
8.4320,    35.744
8.4360,    35.744
8.4400,    35.744
8.4440,    35.744
8.4480,    35.744
8.4520,    35.744
8.4560,    35.744
8.4600,    35.747
8.4640,    35.747
8.4680,    35.750
8.4720,    35.750
8.4760,    35.750
8.4800,    35.754
8.4840,    35.754
8.4880,    35.754
8.4920,    35.757
8.4960,    35.757
8.5000,    35.757
8.5040,    35.757
8.5080,    35.757
8.5120,    35.757
8.5160,    35.757
8.5200,    35.757
8.5240,    35.757
8.5280,    35.757
8.5320,    35.757
8.5360,    35.754
8.5400,    35.754
8.5440,    35.754
8.5480,    35.754
8.5520,    35.754
8.5560,    35.754
8.5600,    35.754
8.5640,    35.754
8.5680,    35.754
8.5720,    35.754
8.5760,    35.754
8.5800,    35.754
8.5840,    35.754
8.5880,    35.754
8.5920,    35.754
8.5960,    35.754
8.6000,    35.754
8.6040,    35.754
8.6080,    35.754
8.6120,    35.754
8.6160,    35.754
8.6200,    35.754
8.6240,    35.754
8.6280,    35.754
8.6320,    35.754
8.6360,    35.754
8.6400,    35.754
8.6440,    35.754
8.6480,    35.750
8.6520,    35.750
8.6560,    35.750
8.6600,    35.750
8.6640,    35.747
8.6680,    35.747
8.6720,    35.747
8.6760,    35.750
8.6800,    35.747
8.6840,    35.747
8.6880,    35.747
8.6920,    35.747
8.6960,    35.747
8.7000,    35.747
8.7040,    35.747
8.7080,    35.747
8.7120,    35.747
8.7160,    35.747
8.7200,    35.747
8.7240,    35.747
8.7280,    35.747
8.7320,    35.747
8.7360,    35.747
8.7400,    35.747
8.7440,    35.747
8.7480,    35.747
8.7520,    35.747
8.7560,    35.747
8.7600,    35.747
8.7640,    35.747
8.7680,    35.747
8.7720,    35.747
8.7760,    35.747
8.7800,    35.747
8.7840,    35.744
8.7880,    35.744
8.7920,    35.741
8.7960,    35.741
8.8000,    35.741
8.8040,    35.741
8.8080,    35.744
8.8120,    35.744
8.8160,    35.744
8.8200,    35.744
8.8240,    35.744
8.8280,    35.744
8.8320,    35.741
8.8360,    35.741
8.8400,    35.741
8.8440,    35.741
8.8480,    35.741
8.8520,    35.744
8.8560,    35.744
8.8600,    35.744
8.8640,    35.744
8.8680,    35.744
8.8720,    35.744
8.8760,    35.744
8.8800,    35.747
8.8840,    35.747
8.8880,    35.747
8.8920,    35.750
8.8960,    35.750
8.9000,    35.750
8.9040,    35.750
8.9080,    35.750
8.9120,    35.750
8.9160,    35.750
8.9200,    35.750
8.9240,    35.750
8.9280,    35.750
8.9320,    35.747
8.9360,    35.747
8.9400,    35.747
8.9440,    35.747
8.9480,    35.744
8.9520,    35.744
8.9560,    35.741
8.9600,    35.741
8.9640,    35.741
8.9680,    35.741
8.9720,    35.741
8.9760,    35.741
8.9800,    35.741
8.9840,    35.741
8.9880,    35.741
8.9920,    35.744
8.9960,    35.744
9.0000,    35.744
9.0040,    35.744
9.0080,    35.744
9.0120,    35.744
9.0160,    35.744
9.0200,    35.744
9.0240,    35.744
9.0280,    35.744
9.0320,    35.744
9.0360,    35.744
9.0400,    35.744
9.0440,    35.744
9.0480,    35.744
9.0520,    35.744
9.0560,    35.744
9.0600,    35.741
9.0640,    35.741
9.0680,    35.741
9.0720,    35.741
9.0760,    35.741
9.0800,    35.741
9.0840,    35.741
9.0880,    35.741
9.0920,    35.741
9.0960,    35.741
9.1000,    35.744
9.1040,    35.741
9.1080,    35.741
9.1120,    35.744
9.1160,    35.744
9.1200,    35.744
9.1240,    35.744
9.1280,    35.744
9.1320,    35.744
9.1360,    35.744
9.1400,    35.747
9.1440,    35.747
9.1480,    35.747
9.1520,    35.747
9.1560,    35.747
9.1600,    35.747
9.1640,    35.747
9.1680,    35.747
9.1720,    35.747
9.1760,    35.747
9.1800,    35.744
9.1840,    35.744
9.1880,    35.744
9.1920,    35.744
9.1960,    35.741
9.2000,    35.741
9.2040,    35.741
9.2080,    35.741
9.2120,    35.741
9.2160,    35.741
9.2200,    35.741
9.2240,    35.738
9.2280,    35.738
9.2320,    35.741
9.2360,    35.741
9.2400,    35.738
9.2440,    35.741
9.2480,    35.741
9.2520,    35.741
9.2560,    35.741
9.2600,    35.741
9.2640,    35.741
9.2680,    35.741
9.2720,    35.741
9.2760,    35.741
9.2800,    35.744
9.2840,    35.744
9.2880,    35.744
9.2920,    35.744
9.2960,    35.747
9.3000,    35.747
9.3040,    35.747
9.3080,    35.747
9.3120,    35.747
9.3160,    35.747
9.3200,    35.747
9.3240,    35.747
9.3280,    35.747
9.3320,    35.747
9.3360,    35.747
9.3400,    35.747
9.3440,    35.747
9.3480,    35.747
9.3520,    35.747
9.3560,    35.747
9.3600,    35.747
9.3640,    35.747
9.3680,    35.747
9.3720,    35.747
9.3760,    35.747
9.3800,    35.747
9.3840,    35.747
9.3880,    35.747
9.3920,    35.747
9.3960,    35.747
9.4000,    35.750
9.4040,    35.750
9.4080,    35.750
9.4120,    35.750
9.4160,    35.750
9.4200,    35.750
9.4240,    35.750
9.4280,    35.754
9.4320,    35.754
9.4360,    35.754
9.4400,    35.754
9.4440,    35.754
9.4480,    35.754
9.4520,    35.754
9.4560,    35.754
9.4600,    35.754
9.4640,    35.757
9.4680,    35.757
9.4720,    35.757
9.4760,    35.757
9.4800,    35.757
9.4840,    35.757
9.4880,    35.757
9.4920,    35.757
9.4960,    35.757
9.5000,    35.757
9.5040,    35.757
9.5080,    35.757
9.5120,    35.757
9.5160,    35.757
9.5200,    35.757
9.5240,    35.757
9.5280,    35.757
9.5320,    35.757
9.5360,    35.754
9.5400,    35.754
9.5440,    35.754
9.5480,    35.750
9.5520,    35.750
9.5560,    35.747
9.5600,    35.747
9.5640,    35.744
9.5680,    35.744
9.5720,    35.741
9.5760,    35.741
9.5800,    35.741
9.5840,    35.741
9.5880,    35.738
9.5920,    35.738
9.5960,    35.738
9.6000,    35.738
9.6040,    35.735
9.6080,    35.735
9.6120,    35.735
9.6160,    35.735
9.6200,    35.735
9.6240,    35.735
9.6280,    35.735
9.6320,    35.735
9.6360,    35.735
9.6400,    35.735
9.6440,    35.738
9.6480,    35.738
9.6520,    35.738
9.6560,    35.738
9.6600,    35.735
9.6640,    35.738
9.6680,    35.738
9.6720,    35.738
9.6760,    35.738
9.6800,    35.735
9.6840,    35.735
9.6880,    35.735
9.6920,    35.738
9.6960,    35.738
9.7000,    35.738
9.7040,    35.738
9.7080,    35.738
9.7120,    35.738
9.7160,    35.738
9.7200,    35.738
9.7240,    35.738
9.7280,    35.738
9.7320,    35.738
9.7360,    35.738
9.7400,    35.738
9.7440,    35.738
9.7480,    35.738
9.7520,    35.738
9.7560,    35.738
9.7600,    35.738
9.7640,    35.738
9.7680,    35.738
9.7720,    35.735
9.7760,    35.735
9.7800,    35.735
9.7840,    35.735
9.7880,    35.735
9.7920,    35.735
9.7960,    35.735
9.8000,    35.735
9.8040,    35.738
9.8080,    35.738
9.8120,    35.738
9.8160,    35.738
9.8200,    35.738
9.8240,    35.738
9.8280,    35.738
9.8320,    35.741
9.8360,    35.741
9.8400,    35.741
9.8440,    35.741
9.8480,    35.741
9.8520,    35.741
9.8560,    35.738
9.8600,    35.741
9.8640,    35.741
9.8680,    35.741
9.8720,    35.738
9.8760,    35.738
9.8800,    35.741
9.8840,    35.741
9.8880,    35.741
9.8920,    35.741
9.8960,    35.741
9.9000,    35.744
9.9040,    35.744
9.9080,    35.744
9.9120,    35.744
9.9160,    35.744
9.9200,    35.744
9.9240,    35.744
9.9280,    35.744
9.9320,    35.744
9.9360,    35.741
9.9400,    35.741
9.9440,    35.741
9.9480,    35.744
9.9520,    35.744
9.9560,    35.744
9.9600,    35.747
9.9640,    35.747
9.9680,    35.747
9.9720,    35.750
9.9760,    35.750
9.9800,    35.750
9.9840,    35.750
9.9880,    35.750
9.9920,    35.750
9.9960,    35.750
