# File created 2017/02/28 10:43:57 Eastern Standard Time (UTC -0500)
# Time: 2017/02/16 15:26:10
# UTC: 2017/02/16 20:26:10
# Period: Seconds
# Col: 1015.Signal Strength,1015,3,Signal Strength,MKUs
0.0000,    29.200
0.0040,    29.200
0.0080,    29.200
0.0120,    29.200
0.0160,    29.200
0.0200,    29.200
0.0240,    29.200
0.0280,    29.200
0.0320,    29.200
0.0360,    29.200
0.0400,    29.200
0.0440,    29.200
0.0480,    29.200
0.0520,    29.200
0.0560,    29.200
0.0600,    29.200
0.0640,    29.200
0.0680,    29.200
0.0720,    29.200
0.0760,    29.200
0.0800,    29.200
0.0840,    29.200
0.0880,    29.200
0.0920,    29.200
0.0960,    29.200
0.1000,    29.200
0.1040,    29.200
0.1080,    29.200
0.1120,    29.200
0.1160,    29.200
0.1200,    29.200
0.1240,    29.200
0.1280,    29.200
0.1320,    29.200
0.1360,    29.200
0.1400,    29.200
0.1440,    29.200
0.1480,    29.200
0.1520,    29.200
0.1560,    29.200
0.1600,    29.200
0.1640,    29.200
0.1680,    29.200
0.1720,    29.200
0.1760,    29.200
0.1800,    29.200
0.1840,    29.200
0.1880,    29.200
0.1920,    29.200
0.1960,    29.200
0.2000,    29.200
0.2040,    29.200
0.2080,    29.200
0.2120,    29.200
0.2160,    29.200
0.2200,    29.200
0.2240,    29.200
0.2280,    29.200
0.2320,    29.200
0.2360,    29.200
0.2400,    29.200
0.2440,    29.200
0.2480,    29.200
0.2520,    29.200
0.2560,    29.200
0.2600,    29.200
0.2640,    29.200
0.2680,    29.200
0.2720,    29.200
0.2760,    29.200
0.2800,    29.198
0.2840,    29.149
0.2880,    29.097
0.2920,    29.048
0.2960,    29.000
0.3000,    29.000
0.3040,    29.000
0.3080,    29.000
0.3120,    29.000
0.3160,    29.000
0.3200,    29.000
0.3240,    29.000
0.3280,    29.000
0.3320,    29.000
0.3360,    29.000
0.3400,    29.000
0.3440,    29.017
0.3480,    29.068
0.3520,    29.117
0.3560,    29.169
0.3600,    29.200
0.3640,    29.200
0.3680,    29.200
0.3720,    29.200
0.3760,    29.200
0.3800,    29.200
0.3840,    29.200
0.3880,    29.200
0.3920,    29.200
0.3960,    29.200
0.4000,    29.200
0.4040,    29.200
0.4080,    29.200
0.4120,    29.200
0.4160,    29.200
0.4200,    29.200
0.4240,    29.200
0.4280,    29.200
0.4320,    29.200
0.4360,    29.200
0.4400,    29.200
0.4440,    29.200
0.4480,    29.200
0.4520,    29.200
0.4560,    29.200
0.4600,    29.200
0.4640,    29.200
0.4680,    29.196
0.4720,    29.143
0.4760,    29.088
0.4800,    29.035
0.4840,    29.000
0.4880,    29.000
0.4920,    29.000
0.4960,    29.000
0.5000,    29.002
0.5040,    29.057
0.5080,    29.112
0.5120,    29.169
0.5160,    29.200
0.5200,    29.200
0.5240,    29.200
0.5280,    29.200
0.5320,    29.200
0.5360,    29.200
0.5400,    29.200
0.5440,    29.200
0.5480,    29.200
0.5520,    29.200
0.5560,    29.200
0.5600,    29.200
0.5640,    29.200
0.5680,    29.200
0.5720,    29.200
0.5760,    29.200
0.5800,    29.200
0.5840,    29.200
0.5880,    29.200
0.5920,    29.200
0.5960,    29.200
0.6000,    29.200
0.6040,    29.200
0.6080,    29.200
0.6120,    29.200
0.6160,    29.200
0.6200,    29.200
0.6240,    29.200
0.6280,    29.200
0.6320,    29.200
0.6360,    29.200
0.6400,    29.200
0.6440,    29.200
0.6480,    29.200
0.6520,    29.200
0.6560,    29.200
0.6600,    29.200
0.6640,    29.200
0.6680,    29.200
0.6720,    29.200
0.6760,    29.200
0.6800,    29.200
0.6840,    29.200
0.6880,    29.200
0.6920,    29.200
0.6960,    29.200
0.7000,    29.200
0.7040,    29.200
0.7080,    29.200
0.7120,    29.200
0.7160,    29.200
0.7200,    29.200
0.7240,    29.200
0.7280,    29.200
0.7320,    29.200
0.7360,    29.200
0.7400,    29.200
0.7440,    29.200
0.7480,    29.200
0.7520,    29.200
0.7560,    29.200
0.7600,    29.200
0.7640,    29.200
0.7680,    29.200
0.7720,    29.200
0.7760,    29.200
0.7800,    29.200
0.7840,    29.200
0.7880,    29.200
0.7920,    29.200
0.7960,    29.200
0.8000,    29.200
0.8040,    29.200
0.8080,    29.200
0.8120,    29.200
0.8160,    29.200
0.8200,    29.200
0.8240,    29.200
0.8280,    29.200
0.8320,    29.200
0.8360,    29.200
0.8400,    29.200
0.8440,    29.200
0.8480,    29.200
0.8520,    29.200
0.8560,    29.200
0.8600,    29.200
0.8640,    29.200
0.8680,    29.200
0.8720,    29.200
0.8760,    29.200
0.8800,    29.200
0.8840,    29.200
0.8880,    29.200
0.8920,    29.200
0.8960,    29.200
0.9000,    29.200
0.9040,    29.200
0.9080,    29.200
0.9120,    29.200
0.9160,    29.200
0.9200,    29.200
0.9240,    29.200
0.9280,    29.200
0.9320,    29.200
0.9360,    29.200
0.9400,    29.200
0.9440,    29.200
0.9480,    29.200
0.9520,    29.200
0.9560,    29.200
0.9600,    29.200
0.9640,    29.200
0.9680,    29.200
0.9720,    29.200
0.9760,    29.200
0.9800,    29.200
0.9840,    29.200
0.9880,    29.200
0.9920,    29.200
0.9960,    29.200
1.0000,    29.200
1.0040,    29.200
1.0080,    29.200
1.0120,    29.200
1.0160,    29.176
1.0200,    29.127
1.0240,    29.077
1.0280,    29.028
1.0320,    29.000
1.0360,    29.000
1.0400,    29.000
1.0440,    29.000
1.0480,    29.037
1.0520,    29.086
1.0560,    29.136
1.0600,    29.187
1.0640,    29.200
1.0680,    29.200
1.0720,    29.200
1.0760,    29.200
1.0800,    29.163
1.0840,    29.110
1.0880,    29.057
1.0920,    29.004
1.0960,    29.000
1.1000,    29.000
1.1040,    29.000
1.1080,    29.000
1.1120,    29.000
1.1160,    29.000
1.1200,    29.000
1.1240,    29.000
1.1280,    29.044
1.1320,    29.101
1.1360,    29.156
1.1400,    29.189
1.1440,    29.139
1.1480,    29.090
1.1520,    29.040
1.1560,    29.009
1.1600,    29.062
1.1640,    29.116
1.1680,    29.167
1.1720,    29.181
1.1760,    29.130
1.1800,    29.081
1.1840,    29.029
1.1880,    29.009
1.1920,    29.066
1.1960,    29.125
1.2000,    29.181
1.2040,    29.165
1.2080,    29.116
1.2120,    29.064
1.2160,    29.013
1.2200,    29.000
1.2240,    29.000
1.2280,    29.000
1.2320,    29.000
1.2360,    29.000
1.2400,    29.000
1.2440,    29.000
1.2480,    29.000
1.2520,    29.029
1.2560,    29.084
1.2600,    29.141
1.2640,    29.196
1.2680,    29.200
1.2720,    29.200
1.2760,    29.200
1.2800,    29.200
1.2840,    29.150
1.2880,    29.099
1.2920,    29.048
1.2960,    29.004
1.3000,    29.053
1.3040,    29.105
1.3080,    29.156
1.3120,    29.200
1.3160,    29.200
1.3200,    29.200
1.3240,    29.200
1.3280,    29.200
1.3320,    29.200
1.3360,    29.200
1.3400,    29.200
1.3440,    29.200
1.3480,    29.200
1.3520,    29.200
1.3560,    29.200
1.3600,    29.200
1.3640,    29.200
1.3680,    29.200
1.3720,    29.200
1.3760,    29.200
1.3800,    29.200
1.3840,    29.200
1.3880,    29.200
1.3920,    29.200
1.3960,    29.200
1.4000,    29.200
1.4040,    29.200
1.4080,    29.156
1.4120,    29.105
1.4160,    29.053
1.4200,    29.004
1.4240,    29.048
1.4280,    29.097
1.4320,    29.149
1.4360,    29.200
1.4400,    29.200
1.4440,    29.200
1.4480,    29.200
1.4520,    29.198
1.4560,    29.147
1.4600,    29.095
1.4640,    29.044
1.4680,    29.000
1.4720,    29.000
1.4760,    29.000
1.4800,    29.000
1.4840,    29.009
1.4880,    29.061
1.4920,    29.112
1.4960,    29.161
1.5000,    29.200
1.5040,    29.200
1.5080,    29.200
1.5120,    29.200
1.5160,    29.174
1.5200,    29.125
1.5240,    29.075
1.5280,    29.024
1.5320,    29.000
1.5360,    29.000
1.5400,    29.000
1.5440,    29.000
1.5480,    29.029
1.5520,    29.083
1.5560,    29.136
1.5600,    29.191
1.5640,    29.200
1.5680,    29.200
1.5720,    29.200
1.5760,    29.200
1.5800,    29.200
1.5840,    29.200
1.5880,    29.200
1.5920,    29.200
1.5960,    29.152
1.6000,    29.103
1.6040,    29.051
1.6080,    29.002
1.6120,    29.050
1.6160,    29.101
1.6200,    29.150
1.6240,    29.200
1.6280,    29.200
1.6320,    29.200
1.6360,    29.200
1.6400,    29.200
1.6440,    29.200
1.6480,    29.200
1.6520,    29.200
1.6560,    29.183
1.6600,    29.134
1.6640,    29.084
1.6680,    29.035
1.6720,    29.015
1.6760,    29.068
1.6800,    29.119
1.6840,    29.170
1.6880,    29.191
1.6920,    29.134
1.6960,    29.077
1.7000,    29.018
1.7040,    29.033
1.7080,    29.083
1.7120,    29.134
1.7160,    29.183
1.7200,    29.200
1.7240,    29.200
1.7280,    29.200
1.7320,    29.200
1.7360,    29.163
1.7400,    29.112
1.7440,    29.061
1.7480,    29.011
1.7520,    29.000
1.7560,    29.000
1.7600,    29.000
1.7640,    29.000
1.7680,    29.000
1.7720,    29.000
1.7760,    29.000
1.7800,    29.004
1.7840,    29.055
1.7880,    29.105
1.7920,    29.154
1.7960,    29.200
1.8000,    29.200
1.8040,    29.200
1.8080,    29.200
1.8120,    29.200
1.8160,    29.149
1.8200,    29.092
1.8240,    29.035
1.8280,    29.020
1.8320,    29.070
1.8360,    29.121
1.8400,    29.172
1.8440,    29.200
1.8480,    29.200
1.8520,    29.200
1.8560,    29.200
1.8600,    29.170
1.8640,    29.119
1.8680,    29.068
1.8720,    29.017
1.8760,    29.015
1.8800,    29.070
1.8840,    29.123
1.8880,    29.176
1.8920,    29.200
1.8960,    29.200
1.9000,    29.200
1.9040,    29.200
1.9080,    29.163
1.9120,    29.110
1.9160,    29.055
1.9200,    29.002
1.9240,    29.000
1.9280,    29.000
1.9320,    29.000
1.9360,    29.000
1.9400,    29.000
1.9440,    29.000
1.9480,    29.000
1.9520,    29.000
1.9560,    29.051
1.9600,    29.103
1.9640,    29.154
1.9680,    29.200
1.9720,    29.200
1.9760,    29.200
1.9800,    29.200
1.9840,    29.185
1.9880,    29.134
1.9920,    29.084
1.9960,    29.035
2.0000,    29.002
2.0040,    29.059
2.0080,    29.117
2.0120,    29.174
2.0160,    29.172
2.0200,    29.123
2.0240,    29.072
2.0280,    29.022
2.0320,    29.000
2.0360,    29.000
2.0400,    29.000
2.0440,    29.000
2.0480,    29.000
2.0520,    29.000
2.0560,    29.000
2.0600,    29.000
2.0640,    29.000
2.0680,    29.000
2.0720,    29.000
2.0760,    29.000
2.0800,    29.040
2.0840,    29.094
2.0880,    29.147
2.0920,    29.200
2.0960,    29.149
2.1000,    29.099
2.1040,    29.048
2.1080,    29.000
2.1120,    29.000
2.1160,    29.000
2.1200,    29.000
2.1240,    29.000
2.1280,    29.042
2.1320,    29.095
2.1360,    29.150
2.1400,    29.200
2.1440,    29.200
2.1480,    29.200
2.1520,    29.200
2.1560,    29.200
2.1600,    29.200
2.1640,    29.200
2.1680,    29.200
2.1720,    29.181
2.1760,    29.128
2.1800,    29.075
2.1840,    29.024
2.1880,    29.000
2.1920,    29.000
2.1960,    29.000
2.2000,    29.000
2.2040,    29.031
2.2080,    29.083
2.2120,    29.134
2.2160,    29.185
2.2200,    29.165
2.2240,    29.114
2.2280,    29.062
2.2320,    29.013
2.2360,    29.000
2.2400,    29.000
2.2440,    29.000
2.2480,    29.000
2.2520,    29.000
2.2560,    29.000
2.2600,    29.000
2.2640,    29.000
2.2680,    29.000
2.2720,    29.000
2.2760,    29.000
2.2800,    29.006
2.2840,    29.055
2.2880,    29.105
2.2920,    29.154
2.2960,    29.200
2.3000,    29.200
2.3040,    29.200
2.3080,    29.200
2.3120,    29.200
2.3160,    29.149
2.3200,    29.094
2.3240,    29.039
2.3280,    29.015
2.3320,    29.064
2.3360,    29.116
2.3400,    29.165
2.3440,    29.183
2.3480,    29.130
2.3520,    29.077
2.3560,    29.022
2.3600,    29.000
2.3640,    29.000
2.3680,    29.000
2.3720,    29.000
2.3760,    29.017
2.3800,    29.072
2.3840,    29.127
2.3880,    29.183
2.3920,    29.200
2.3960,    29.200
2.4000,    29.200
2.4040,    29.200
2.4080,    29.200
2.4120,    29.200
2.4160,    29.200
2.4200,    29.200
2.4240,    29.159
2.4280,    29.108
2.4320,    29.057
2.4360,    29.006
2.4400,    29.000
2.4440,    29.000
2.4480,    29.000
2.4520,    29.000
2.4560,    29.000
2.4600,    29.000
2.4640,    29.000
2.4680,    29.000
2.4720,    29.000
2.4760,    29.000
2.4800,    29.000
2.4840,    29.000
2.4880,    29.000
2.4920,    29.000
2.4960,    29.000
2.5000,    29.000
2.5040,    29.000
2.5080,    29.000
2.5120,    29.000
2.5160,    29.000
2.5200,    29.000
2.5240,    29.000
2.5280,    29.000
2.5320,    29.024
2.5360,    29.077
2.5400,    29.132
2.5440,    29.185
2.5480,    29.163
2.5520,    29.112
2.5560,    29.061
2.5600,    29.011
2.5640,    29.024
2.5680,    29.079
2.5720,    29.136
2.5760,    29.192
2.5800,    29.200
2.5840,    29.200
2.5880,    29.200
2.5920,    29.200
2.5960,    29.200
2.6000,    29.200
2.6040,    29.200
2.6080,    29.200
2.6120,    29.200
2.6160,    29.200
2.6200,    29.200
2.6240,    29.200
2.6280,    29.158
2.6320,    29.103
2.6360,    29.048
2.6400,    29.000
2.6440,    29.000
2.6480,    29.000
2.6520,    29.000
2.6560,    29.000
2.6600,    29.000
2.6640,    29.000
2.6680,    29.000
2.6720,    29.000
2.6760,    29.000
2.6800,    29.000
2.6840,    29.000
2.6880,    29.008
2.6920,    29.062
2.6960,    29.119
2.7000,    29.174
2.7040,    29.200
2.7080,    29.200
2.7120,    29.200
2.7160,    29.200
2.7200,    29.200
2.7240,    29.200
2.7280,    29.200
2.7320,    29.200
2.7360,    29.165
2.7400,    29.110
2.7440,    29.057
2.7480,    29.002
2.7520,    29.000
2.7560,    29.000
2.7600,    29.000
2.7640,    29.000
2.7680,    29.050
2.7720,    29.101
2.7760,    29.150
2.7800,    29.200
2.7840,    29.200
2.7880,    29.200
2.7920,    29.200
2.7960,    29.189
2.8000,    29.138
2.8040,    29.088
2.8080,    29.037
2.8120,    29.000
2.8160,    29.000
2.8200,    29.000
2.8240,    29.000
2.8280,    29.013
2.8320,    29.064
2.8360,    29.117
2.8400,    29.170
2.8440,    29.178
2.8480,    29.127
2.8520,    29.077
2.8560,    29.028
2.8600,    29.024
2.8640,    29.077
2.8680,    29.130
2.8720,    29.183
2.8760,    29.185
2.8800,    29.128
2.8840,    29.073
2.8880,    29.017
2.8920,    29.035
2.8960,    29.086
2.9000,    29.136
2.9040,    29.185
2.9080,    29.200
2.9120,    29.200
2.9160,    29.200
2.9200,    29.200
2.9240,    29.152
2.9280,    29.103
2.9320,    29.051
2.9360,    29.002
2.9400,    29.037
2.9440,    29.090
2.9480,    29.145
2.9520,    29.200
2.9560,    29.200
2.9600,    29.200
2.9640,    29.200
2.9680,    29.200
2.9720,    29.200
2.9760,    29.200
2.9800,    29.200
2.9840,    29.200
2.9880,    29.200
2.9920,    29.200
2.9960,    29.200
3.0000,    29.200
3.0040,    29.200
3.0080,    29.200
3.0120,    29.200
3.0160,    29.200
3.0200,    29.200
3.0240,    29.200
3.0280,    29.200
3.0320,    29.200
3.0360,    29.200
3.0400,    29.200
3.0440,    29.200
3.0480,    29.200
3.0520,    29.200
3.0560,    29.200
3.0600,    29.200
3.0640,    29.200
3.0680,    29.200
3.0720,    29.200
3.0760,    29.200
3.0800,    29.200
3.0840,    29.200
3.0880,    29.200
3.0920,    29.200
3.0960,    29.200
3.1000,    29.200
3.1040,    29.200
3.1080,    29.200
3.1120,    29.200
3.1160,    29.200
3.1200,    29.200
3.1240,    29.200
3.1280,    29.200
3.1320,    29.200
3.1360,    29.200
3.1400,    29.200
3.1440,    29.200
3.1480,    29.200
3.1520,    29.200
3.1560,    29.200
3.1600,    29.200
3.1640,    29.200
3.1680,    29.200
3.1720,    29.200
3.1760,    29.200
3.1800,    29.200
3.1840,    29.200
3.1880,    29.200
3.1920,    29.200
3.1960,    29.200
3.2000,    29.200
3.2040,    29.200
3.2080,    29.200
3.2120,    29.200
3.2160,    29.200
3.2200,    29.200
3.2240,    29.200
3.2280,    29.200
3.2320,    29.200
3.2360,    29.200
3.2400,    29.200
3.2440,    29.200
3.2480,    29.200
3.2520,    29.200
3.2560,    29.200
3.2600,    29.200
3.2640,    29.200
3.2680,    29.200
3.2720,    29.200
3.2760,    29.200
3.2800,    29.200
3.2840,    29.200
3.2880,    29.200
3.2920,    29.200
3.2960,    29.200
3.3000,    29.200
3.3040,    29.200
3.3080,    29.200
3.3120,    29.200
3.3160,    29.200
3.3200,    29.200
3.3240,    29.200
3.3280,    29.200
3.3320,    29.200
3.3360,    29.200
3.3400,    29.200
3.3440,    29.200
3.3480,    29.200
3.3520,    29.200
3.3560,    29.200
3.3600,    29.200
3.3640,    29.200
3.3680,    29.200
3.3720,    29.200
3.3760,    29.200
3.3800,    29.200
3.3840,    29.200
3.3880,    29.200
3.3920,    29.200
3.3960,    29.200
3.4000,    29.200
3.4040,    29.200
3.4080,    29.200
3.4120,    29.200
3.4160,    29.200
3.4200,    29.200
3.4240,    29.200
3.4280,    29.200
3.4320,    29.200
3.4360,    29.200
3.4400,    29.200
3.4440,    29.200
3.4480,    29.200
3.4520,    29.200
3.4560,    29.200
3.4600,    29.200
3.4640,    29.200
3.4680,    29.200
3.4720,    29.200
3.4760,    29.200
3.4800,    29.200
3.4840,    29.200
3.4880,    29.200
3.4920,    29.200
3.4960,    29.200
3.5000,    29.200
3.5040,    29.200
3.5080,    29.200
3.5120,    29.200
3.5160,    29.200
3.5200,    29.200
3.5240,    29.200
3.5280,    29.200
3.5320,    29.200
3.5360,    29.200
3.5400,    29.200
3.5440,    29.200
3.5480,    29.200
3.5520,    29.200
3.5560,    29.200
3.5600,    29.200
3.5640,    29.200
3.5680,    29.200
3.5720,    29.200
3.5760,    29.200
3.5800,    29.200
3.5840,    29.200
3.5880,    29.200
3.5920,    29.200
3.5960,    29.200
3.6000,    29.200
3.6040,    29.200
3.6080,    29.200
3.6120,    29.200
3.6160,    29.200
3.6200,    29.200
3.6240,    29.200
3.6280,    29.200
3.6320,    29.200
3.6360,    29.200
3.6400,    29.200
3.6440,    29.200
3.6480,    29.200
3.6520,    29.200
3.6560,    29.200
3.6600,    29.200
3.6640,    29.200
3.6680,    29.200
3.6720,    29.200
3.6760,    29.200
3.6800,    29.200
3.6840,    29.200
3.6880,    29.200
3.6920,    29.200
3.6960,    29.200
3.7000,    29.200
3.7040,    29.200
3.7080,    29.200
3.7120,    29.200
3.7160,    29.200
3.7200,    29.200
3.7240,    29.200
3.7280,    29.200
3.7320,    29.200
3.7360,    29.200
3.7400,    29.200
3.7440,    29.200
3.7480,    29.200
3.7520,    29.200
3.7560,    29.200
3.7600,    29.200
3.7640,    29.200
3.7680,    29.200
3.7720,    29.200
3.7760,    29.200
3.7800,    29.200
3.7840,    29.200
3.7880,    29.200
3.7920,    29.200
3.7960,    29.200
3.8000,    29.200
3.8040,    29.200
3.8080,    29.200
3.8120,    29.200
3.8160,    29.200
3.8200,    29.200
3.8240,    29.200
3.8280,    29.200
3.8320,    29.200
3.8360,    29.200
3.8400,    29.200
3.8440,    29.200
3.8480,    29.200
3.8520,    29.200
3.8560,    29.200
3.8600,    29.200
3.8640,    29.200
3.8680,    29.200
3.8720,    29.200
3.8760,    29.200
3.8800,    29.200
3.8840,    29.200
3.8880,    29.200
3.8920,    29.200
3.8960,    29.200
3.9000,    29.200
3.9040,    29.200
3.9080,    29.200
3.9120,    29.200
3.9160,    29.200
3.9200,    29.200
3.9240,    29.200
3.9280,    29.200
3.9320,    29.200
3.9360,    29.200
3.9400,    29.200
3.9440,    29.200
3.9480,    29.200
3.9520,    29.200
3.9560,    29.200
3.9600,    29.200
3.9640,    29.200
3.9680,    29.200
3.9720,    29.200
3.9760,    29.200
3.9800,    29.200
3.9840,    29.200
3.9880,    29.200
3.9920,    29.200
3.9960,    29.200
4.0000,    29.200
4.0040,    29.200
4.0080,    29.200
4.0120,    29.200
4.0160,    29.200
4.0200,    29.200
4.0240,    29.200
4.0280,    29.200
4.0320,    29.200
4.0360,    29.200
4.0400,    29.200
4.0440,    29.200
4.0480,    29.200
4.0520,    29.200
4.0560,    29.200
4.0600,    29.200
4.0640,    29.200
4.0680,    29.200
4.0720,    29.200
4.0760,    29.200
4.0800,    29.200
4.0840,    29.200
4.0880,    29.200
4.0920,    29.200
4.0960,    29.200
4.1000,    29.200
4.1040,    29.200
4.1080,    29.200
4.1120,    29.200
4.1160,    29.200
4.1200,    29.200
4.1240,    29.200
4.1280,    29.200
4.1320,    29.200
4.1360,    29.200
4.1400,    29.200
4.1440,    29.200
4.1480,    29.200
4.1520,    29.200
4.1560,    29.200
4.1600,    29.200
4.1640,    29.200
4.1680,    29.200
4.1720,    29.200
4.1760,    29.200
4.1800,    29.200
4.1840,    29.200
4.1880,    29.200
4.1920,    29.200
4.1960,    29.200
4.2000,    29.200
4.2040,    29.200
4.2080,    29.200
4.2120,    29.200
4.2160,    29.200
4.2200,    29.200
4.2240,    29.200
4.2280,    29.200
4.2320,    29.200
4.2360,    29.200
4.2400,    29.200
4.2440,    29.200
4.2480,    29.200
4.2520,    29.200
4.2560,    29.200
4.2600,    29.200
4.2640,    29.200
4.2680,    29.200
4.2720,    29.200
4.2760,    29.200
4.2800,    29.200
4.2840,    29.200
4.2880,    29.200
4.2920,    29.200
4.2960,    29.200
4.3000,    29.200
4.3040,    29.200
4.3080,    29.200
4.3120,    29.200
4.3160,    29.200
4.3200,    29.200
4.3240,    29.200
4.3280,    29.200
4.3320,    29.200
4.3360,    29.200
4.3400,    29.200
4.3440,    29.200
4.3480,    29.200
4.3520,    29.200
4.3560,    29.200
4.3600,    29.200
4.3640,    29.200
4.3680,    29.200
4.3720,    29.200
4.3760,    29.200
4.3800,    29.200
4.3840,    29.200
4.3880,    29.200
4.3920,    29.200
4.3960,    29.200
4.4000,    29.200
4.4040,    29.200
4.4080,    29.200
4.4120,    29.200
4.4160,    29.200
4.4200,    29.200
4.4240,    29.200
4.4280,    29.200
4.4320,    29.200
4.4360,    29.200
4.4400,    29.200
4.4440,    29.200
4.4480,    29.200
4.4520,    29.200
4.4560,    29.200
4.4600,    29.200
4.4640,    29.200
4.4680,    29.200
4.4720,    29.200
4.4760,    29.200
4.4800,    29.200
4.4840,    29.200
4.4880,    29.200
4.4920,    29.200
4.4960,    29.200
4.5000,    29.200
4.5040,    29.200
4.5080,    29.200
4.5120,    29.200
4.5160,    29.200
4.5200,    29.200
4.5240,    29.200
4.5280,    29.200
4.5320,    29.172
4.5360,    29.121
4.5400,    29.070
4.5440,    29.018
4.5480,    29.000
4.5520,    29.000
4.5560,    29.000
4.5600,    29.000
4.5640,    29.022
4.5680,    29.075
4.5720,    29.130
4.5760,    29.183
4.5800,    29.200
4.5840,    29.200
4.5880,    29.200
4.5920,    29.200
4.5960,    29.200
4.6000,    29.200
4.6040,    29.200
4.6080,    29.200
4.6120,    29.200
4.6160,    29.200
4.6200,    29.200
4.6240,    29.200
4.6280,    29.200
4.6320,    29.200
4.6360,    29.200
4.6400,    29.200
4.6440,    29.200
4.6480,    29.200
4.6520,    29.200
4.6560,    29.200
4.6600,    29.200
4.6640,    29.200
4.6680,    29.200
4.6720,    29.200
4.6760,    29.200
4.6800,    29.200
4.6840,    29.200
4.6880,    29.200
4.6920,    29.200
4.6960,    29.200
4.7000,    29.200
4.7040,    29.200
4.7080,    29.200
4.7120,    29.200
4.7160,    29.200
4.7200,    29.200
4.7240,    29.200
4.7280,    29.200
4.7320,    29.200
4.7360,    29.200
4.7400,    29.200
4.7440,    29.200
4.7480,    29.200
4.7520,    29.200
4.7560,    29.200
4.7600,    29.200
4.7640,    29.200
4.7680,    29.200
4.7720,    29.200
4.7760,    29.200
4.7800,    29.200
4.7840,    29.200
4.7880,    29.200
4.7920,    29.200
4.7960,    29.209
4.8000,    29.260
4.8040,    29.310
4.8080,    29.361
4.8120,    29.399
4.8160,    29.399
4.8200,    29.399
4.8240,    29.399
4.8280,    29.399
4.8320,    29.399
4.8360,    29.399
4.8400,    29.399
4.8440,    29.399
4.8480,    29.399
4.8520,    29.399
4.8560,    29.399
4.8600,    29.399
4.8640,    29.399
4.8680,    29.399
4.8720,    29.399
4.8760,    29.399
4.8800,    29.399
4.8840,    29.399
4.8880,    29.399
4.8920,    29.399
4.8960,    29.399
4.9000,    29.399
4.9040,    29.399
4.9080,    29.447
4.9120,    29.496
4.9160,    29.548
4.9200,    29.597
4.9240,    29.601
4.9280,    29.601
4.9320,    29.601
4.9360,    29.601
4.9400,    29.601
4.9440,    29.601
4.9480,    29.601
4.9520,    29.601
4.9560,    29.601
4.9600,    29.601
4.9640,    29.601
4.9680,    29.601
4.9720,    29.601
4.9760,    29.601
4.9800,    29.601
4.9840,    29.601
4.9880,    29.601
4.9920,    29.601
4.9960,    29.601
5.0000,    29.601
5.0040,    29.601
5.0080,    29.601
5.0120,    29.601
5.0160,    29.601
5.0200,    29.601
5.0240,    29.601
5.0280,    29.601
5.0320,    29.601
5.0360,    29.601
5.0400,    29.601
5.0440,    29.601
5.0480,    29.601
5.0520,    29.601
5.0560,    29.601
5.0600,    29.601
5.0640,    29.601
5.0680,    29.601
5.0720,    29.601
5.0760,    29.601
5.0800,    29.601
5.0840,    29.601
5.0880,    29.601
5.0920,    29.601
5.0960,    29.601
5.1000,    29.601
5.1040,    29.601
5.1080,    29.601
5.1120,    29.601
5.1160,    29.601
5.1200,    29.601
5.1240,    29.601
5.1280,    29.601
5.1320,    29.601
5.1360,    29.601
5.1400,    29.601
5.1440,    29.601
5.1480,    29.601
5.1520,    29.601
5.1560,    29.601
5.1600,    29.601
5.1640,    29.601
5.1680,    29.601
5.1720,    29.601
5.1760,    29.601
5.1800,    29.601
5.1840,    29.601
5.1880,    29.601
5.1920,    29.601
5.1960,    29.601
5.2000,    29.601
5.2040,    29.601
5.2080,    29.601
5.2120,    29.601
5.2160,    29.601
5.2200,    29.601
5.2240,    29.601
5.2280,    29.601
5.2320,    29.601
5.2360,    29.601
5.2400,    29.601
5.2440,    29.601
5.2480,    29.601
5.2520,    29.601
5.2560,    29.601
5.2600,    29.601
5.2640,    29.601
5.2680,    29.601
5.2720,    29.601
5.2760,    29.601
5.2800,    29.601
5.2840,    29.601
5.2880,    29.601
5.2920,    29.601
5.2960,    29.601
5.3000,    29.601
5.3040,    29.601
5.3080,    29.601
5.3120,    29.601
5.3160,    29.601
5.3200,    29.601
5.3240,    29.601
5.3280,    29.601
5.3320,    29.601
5.3360,    29.601
5.3400,    29.601
5.3440,    29.601
5.3480,    29.601
5.3520,    29.601
5.3560,    29.601
5.3600,    29.601
5.3640,    29.601
5.3680,    29.601
5.3720,    29.601
5.3760,    29.601
5.3800,    29.601
5.3840,    29.601
5.3880,    29.601
5.3920,    29.601
5.3960,    29.601
5.4000,    29.601
5.4040,    29.601
5.4080,    29.601
5.4120,    29.601
5.4160,    29.601
5.4200,    29.601
5.4240,    29.643
5.4280,    29.698
5.4320,    29.751
5.4360,    29.800
5.4400,    29.800
5.4440,    29.800
5.4480,    29.800
5.4520,    29.793
5.4560,    29.742
5.4600,    29.691
5.4640,    29.639
5.4680,    29.612
5.4720,    29.661
5.4760,    29.713
5.4800,    29.764
5.4840,    29.786
5.4880,    29.736
5.4920,    29.685
5.4960,    29.636
5.5000,    29.601
5.5040,    29.601
5.5080,    29.601
5.5120,    29.601
5.5160,    29.601
5.5200,    29.601
5.5240,    29.601
5.5280,    29.601
5.5320,    29.601
5.5360,    29.601
5.5400,    29.601
5.5440,    29.601
5.5480,    29.636
5.5520,    29.687
5.5560,    29.736
5.5600,    29.786
5.5640,    29.778
5.5680,    29.723
5.5720,    29.669
5.5760,    29.612
5.5800,    29.601
5.5840,    29.601
5.5880,    29.601
5.5920,    29.601
5.5960,    29.645
5.6000,    29.700
5.6040,    29.753
5.6080,    29.793
5.6120,    29.744
5.6160,    29.692
5.6200,    29.643
5.6240,    29.599
5.6280,    29.643
5.6320,    29.698
5.6360,    29.755
5.6400,    29.791
5.6440,    29.738
5.6480,    29.685
5.6520,    29.632
5.6560,    29.601
5.6600,    29.601
5.6640,    29.601
5.6680,    29.601
5.6720,    29.601
5.6760,    29.601
5.6800,    29.601
5.6840,    29.601
5.6880,    29.601
5.6920,    29.601
5.6960,    29.601
5.7000,    29.601
5.7040,    29.626
5.7080,    29.678
5.7120,    29.729
5.7160,    29.780
5.7200,    29.769
5.7240,    29.718
5.7280,    29.669
5.7320,    29.617
5.7360,    29.636
5.7400,    29.691
5.7440,    29.744
5.7480,    29.797
5.7520,    29.771
5.7560,    29.714
5.7600,    29.658
5.7640,    29.601
5.7680,    29.601
5.7720,    29.601
5.7760,    29.601
5.7800,    29.601
5.7840,    29.601
5.7880,    29.601
5.7920,    29.601
5.7960,    29.606
5.8000,    29.658
5.8040,    29.709
5.8080,    29.758
5.8120,    29.800
5.8160,    29.751
5.8200,    29.696
5.8240,    29.641
5.8280,    29.614
5.8320,    29.665
5.8360,    29.714
5.8400,    29.766
5.8440,    29.784
5.8480,    29.733
5.8520,    29.681
5.8560,    29.630
5.8600,    29.621
5.8640,    29.676
5.8680,    29.729
5.8720,    29.784
5.8760,    29.800
5.8800,    29.800
5.8840,    29.800
5.8880,    29.800
5.8920,    29.800
5.8960,    29.800
5.9000,    29.800
5.9040,    29.800
5.9080,    29.800
5.9120,    29.800
5.9160,    29.800
5.9200,    29.800
5.9240,    29.758
5.9280,    29.707
5.9320,    29.656
5.9360,    29.604
5.9400,    29.601
5.9440,    29.601
5.9480,    29.601
5.9520,    29.601
5.9560,    29.601
5.9600,    29.601
5.9640,    29.601
5.9680,    29.601
5.9720,    29.601
5.9760,    29.601
5.9800,    29.601
5.9840,    29.601
5.9880,    29.601
5.9920,    29.601
5.9960,    29.601
6.0000,    29.601
6.0040,    29.601
6.0080,    29.601
6.0120,    29.601
6.0160,    29.601
6.0200,    29.601
6.0240,    29.601
6.0280,    29.601
6.0320,    29.628
6.0360,    29.678
6.0400,    29.727
6.0440,    29.777
6.0480,    29.800
6.0520,    29.800
6.0560,    29.800
6.0600,    29.800
6.0640,    29.778
6.0680,    29.723
6.0720,    29.669
6.0760,    29.614
6.0800,    29.601
6.0840,    29.601
6.0880,    29.601
6.0920,    29.601
6.0960,    29.650
6.1000,    29.702
6.1040,    29.751
6.1080,    29.799
6.1120,    29.747
6.1160,    29.698
6.1200,    29.647
6.1240,    29.599
6.1280,    29.601
6.1320,    29.601
6.1360,    29.601
6.1400,    29.601
6.1440,    29.601
6.1480,    29.601
6.1520,    29.601
6.1560,    29.601
6.1600,    29.601
6.1640,    29.601
6.1680,    29.601
6.1720,    29.601
6.1760,    29.601
6.1800,    29.601
6.1840,    29.601
6.1880,    29.601
6.1920,    29.601
6.1960,    29.601
6.2000,    29.601
6.2040,    29.601
6.2080,    29.601
6.2120,    29.601
6.2160,    29.601
6.2200,    29.601
6.2240,    29.601
6.2280,    29.601
6.2320,    29.601
6.2360,    29.601
6.2400,    29.601
6.2440,    29.601
6.2480,    29.601
6.2520,    29.601
6.2560,    29.601
6.2600,    29.601
6.2640,    29.601
6.2680,    29.650
6.2720,    29.700
6.2760,    29.749
6.2800,    29.800
6.2840,    29.800
6.2880,    29.800
6.2920,    29.800
6.2960,    29.800
6.3000,    29.800
6.3040,    29.800
6.3080,    29.800
6.3120,    29.800
6.3160,    29.749
6.3200,    29.692
6.3240,    29.636
6.3280,    29.601
6.3320,    29.601
6.3360,    29.601
6.3400,    29.601
6.3440,    29.601
6.3480,    29.601
6.3520,    29.601
6.3560,    29.601
6.3600,    29.625
6.3640,    29.676
6.3680,    29.727
6.3720,    29.778
6.3760,    29.789
6.3800,    29.733
6.3840,    29.678
6.3880,    29.621
6.3920,    29.601
6.3960,    29.601
6.4000,    29.601
6.4040,    29.601
6.4080,    29.636
6.4120,    29.687
6.4160,    29.736
6.4200,    29.788
6.4240,    29.758
6.4280,    29.703
6.4320,    29.648
6.4360,    29.599
6.4400,    29.636
6.4440,    29.689
6.4480,    29.744
6.4520,    29.799
6.4560,    29.751
6.4600,    29.698
6.4640,    29.647
6.4680,    29.601
6.4720,    29.601
6.4760,    29.601
6.4800,    29.601
6.4840,    29.601
6.4880,    29.601
6.4920,    29.601
6.4960,    29.601
6.5000,    29.601
6.5040,    29.601
6.5080,    29.601
6.5120,    29.601
6.5160,    29.601
6.5200,    29.601
6.5240,    29.601
6.5280,    29.601
6.5320,    29.601
6.5360,    29.601
6.5400,    29.601
6.5440,    29.601
6.5480,    29.601
6.5520,    29.601
6.5560,    29.601
6.5600,    29.601
6.5640,    29.601
6.5680,    29.601
6.5720,    29.601
6.5760,    29.601
6.5800,    29.601
6.5840,    29.601
6.5880,    29.601
6.5920,    29.601
6.5960,    29.601
6.6000,    29.601
6.6040,    29.601
6.6080,    29.601
6.6120,    29.601
6.6160,    29.601
6.6200,    29.601
6.6240,    29.601
6.6280,    29.601
6.6320,    29.601
6.6360,    29.601
6.6400,    29.601
6.6440,    29.601
6.6480,    29.601
6.6520,    29.601
6.6560,    29.582
6.6600,    29.531
6.6640,    29.480
6.6680,    29.429
6.6720,    29.399
6.6760,    29.399
6.6800,    29.399
6.6840,    29.399
6.6880,    29.399
6.6920,    29.399
6.6960,    29.399
6.7000,    29.399
6.7040,    29.399
6.7080,    29.399
6.7120,    29.399
6.7160,    29.399
6.7200,    29.399
6.7240,    29.399
6.7280,    29.399
6.7320,    29.399
6.7360,    29.399
6.7400,    29.399
6.7440,    29.399
6.7480,    29.399
6.7520,    29.399
6.7560,    29.399
6.7600,    29.399
6.7640,    29.399
6.7680,    29.399
6.7720,    29.399
6.7760,    29.399
6.7800,    29.399
6.7840,    29.399
6.7880,    29.399
6.7920,    29.399
6.7960,    29.399
6.8000,    29.399
6.8040,    29.399
6.8080,    29.399
6.8120,    29.399
6.8160,    29.399
6.8200,    29.399
6.8240,    29.399
6.8280,    29.399
6.8320,    29.399
6.8360,    29.399
6.8400,    29.399
6.8440,    29.399
6.8480,    29.399
6.8520,    29.399
6.8560,    29.399
6.8600,    29.399
6.8640,    29.399
6.8680,    29.399
6.8720,    29.399
6.8760,    29.399
6.8800,    29.399
6.8840,    29.399
6.8880,    29.399
6.8920,    29.361
6.8960,    29.310
6.9000,    29.260
6.9040,    29.209
6.9080,    29.200
6.9120,    29.200
6.9160,    29.200
6.9200,    29.200
6.9240,    29.200
6.9280,    29.200
6.9320,    29.200
6.9360,    29.200
6.9400,    29.200
6.9440,    29.200
6.9480,    29.200
6.9520,    29.200
6.9560,    29.200
6.9600,    29.200
6.9640,    29.200
6.9680,    29.200
6.9720,    29.200
6.9760,    29.200
6.9800,    29.200
6.9840,    29.200
6.9880,    29.200
6.9920,    29.200
6.9960,    29.200
7.0000,    29.202
7.0040,    29.258
7.0080,    29.315
7.0120,    29.370
7.0160,    29.399
7.0200,    29.399
7.0240,    29.399
7.0280,    29.399
7.0320,    29.399
7.0360,    29.399
7.0400,    29.399
7.0440,    29.399
7.0480,    29.365
7.0520,    29.315
7.0560,    29.266
7.0600,    29.216
7.0640,    29.200
7.0680,    29.200
7.0720,    29.200
7.0760,    29.200
7.0800,    29.200
7.0840,    29.200
7.0880,    29.200
7.0920,    29.200
7.0960,    29.200
7.1000,    29.200
7.1040,    29.200
7.1080,    29.200
7.1120,    29.200
7.1160,    29.200
7.1200,    29.200
7.1240,    29.200
7.1280,    29.156
7.1320,    29.097
7.1360,    29.040
7.1400,    29.000
7.1440,    29.000
7.1480,    29.000
7.1520,    29.000
7.1560,    29.000
7.1600,    29.000
7.1640,    29.000
7.1680,    29.000
7.1720,    29.000
7.1760,    29.000
7.1800,    29.000
7.1840,    29.000
7.1880,    29.000
7.1920,    29.000
7.1960,    29.000
7.2000,    29.000
7.2040,    29.000
7.2080,    29.000
7.2120,    29.000
7.2160,    29.000
7.2200,    28.965
7.2240,    28.914
7.2280,    28.865
7.2320,    28.813
7.2360,    28.801
7.2400,    28.801
7.2440,    28.801
7.2480,    28.801
7.2520,    28.801
7.2560,    28.801
7.2600,    28.801
7.2640,    28.799
7.2680,    28.747
7.2720,    28.696
7.2760,    28.647
7.2800,    28.599
7.2840,    28.599
7.2880,    28.599
7.2920,    28.599
7.2960,    28.595
7.3000,    28.542
7.3040,    28.489
7.3080,    28.438
7.3120,    28.400
7.3160,    28.350
7.3200,    28.293
7.3240,    28.238
7.3280,    28.183
7.3320,    28.134
7.3360,    28.083
7.3400,    28.033
7.3440,    28.000
7.3480,    28.000
7.3520,    28.000
7.3560,    28.000
7.3600,    27.969
7.3640,    27.920
7.3680,    27.869
7.3720,    27.819
7.3760,    27.801
7.3800,    27.801
7.3840,    27.801
7.3880,    27.801
7.3920,    27.759
7.3960,    27.709
7.4000,    27.658
7.4040,    27.608
7.4080,    27.515
7.4120,    27.414
7.4160,    27.314
7.4200,    27.213
7.4240,    27.156
7.4280,    27.105
7.4320,    27.055
7.4360,    27.004
7.4400,    27.001
7.4440,    27.001
7.4480,    27.001
7.4520,    27.001
7.4560,    27.001
7.4600,    27.001
7.4640,    27.001
7.4680,    27.001
7.4720,    27.001
7.4760,    27.001
7.4800,    27.001
7.4840,    26.982
7.4880,    26.874
7.4920,    26.768
7.4960,    26.660
7.5000,    26.596
7.5040,    26.427
7.5080,    26.257
7.5120,    26.089
7.5160,    25.977
7.5200,    25.926
7.5240,    25.876
7.5280,    25.825
7.5320,    25.774
7.5360,    25.721
7.5400,    25.666
7.5440,    25.613
7.5480,    25.600
7.5520,    25.600
7.5560,    25.600
7.5600,    25.600
7.5640,    25.624
7.5680,    25.680
7.5720,    25.739
7.5760,    25.797
7.5800,    25.704
7.5840,    25.602
7.5880,    25.499
7.5920,    25.395
7.5960,    25.191
7.6000,    24.988
7.6040,    24.783
7.6080,    24.574
7.6120,    24.323
7.6160,    24.071
7.6200,    23.818
7.6240,    23.600
7.6280,    23.472
7.6320,    23.303
7.6360,    23.137
7.6400,    22.974
7.6440,    22.820
7.6480,    22.668
7.6520,    22.516
7.6560,    22.412
7.6600,    22.463
7.6640,    22.514
7.6680,    22.565
7.6720,    22.681
7.6760,    22.937
7.6800,    23.194
7.6840,    23.450
7.6880,    23.629
7.6920,    24.021
7.6960,    24.413
7.7000,    24.805
7.7040,    25.129
7.7080,    25.385
7.7120,    25.640
7.7160,    25.896
7.7200,    26.096
7.7240,    26.257
7.7280,    26.418
7.7320,    26.579
7.7360,    26.687
7.7400,    26.788
7.7440,    26.889
7.7480,    26.990
7.7520,    27.059
7.7560,    27.171
7.7600,    27.284
7.7640,    27.396
7.7680,    27.449
7.7720,    27.500
7.7760,    27.552
7.7800,    27.599
7.7840,    27.599
7.7880,    27.599
7.7920,    27.599
7.7960,    27.607
7.8000,    27.656
7.8040,    27.707
7.8080,    27.759
7.8120,    27.801
7.8160,    27.748
7.8200,    27.691
7.8240,    27.632
7.8280,    27.623
7.8320,    27.673
7.8360,    27.724
7.8400,    27.775
7.8440,    27.801
7.8480,    27.801
7.8520,    27.801
7.8560,    27.801
7.8600,    27.826
7.8640,    27.878
7.8680,    27.927
7.8720,    27.978
7.8760,    28.010
7.8800,    28.066
7.8840,    28.123
7.8880,    28.178
7.8920,    28.200
7.8960,    28.200
7.9000,    28.200
7.9040,    28.200
7.9080,    28.244
7.9120,    28.295
7.9160,    28.346
7.9200,    28.396
7.9240,    28.400
7.9280,    28.400
7.9320,    28.400
7.9360,    28.400
7.9400,    28.433
7.9440,    28.493
7.9480,    28.552
7.9520,    28.610
7.9560,    28.660
7.9600,    28.709
7.9640,    28.760
7.9680,    28.801
7.9720,    28.801
7.9760,    28.801
7.9800,    28.801
7.9840,    28.812
7.9880,    28.861
7.9920,    28.912
7.9960,    28.964
8.0000,    29.000
8.0040,    29.000
8.0080,    29.000
8.0120,    29.000
8.0160,    28.971
8.0200,    28.921
8.0240,    28.870
8.0280,    28.821
8.0320,    28.801
8.0360,    28.801
8.0400,    28.801
8.0440,    28.801
8.0480,    28.801
8.0520,    28.801
8.0560,    28.801
8.0600,    28.801
8.0640,    28.823
8.0680,    28.877
8.0720,    28.932
8.0760,    28.987
8.0800,    29.000
8.0840,    29.000
8.0880,    29.000
8.0920,    29.000
8.0960,    29.000
8.1000,    29.000
8.1040,    29.000
8.1080,    29.000
8.1120,    29.000
8.1160,    29.000
8.1200,    29.000
8.1240,    29.000
8.1280,    29.000
8.1320,    29.000
8.1360,    29.000
8.1400,    29.000
8.1440,    29.000
8.1480,    29.000
8.1520,    29.000
8.1560,    29.000
8.1600,    29.000
8.1640,    29.000
8.1680,    29.000
8.1720,    29.000
8.1760,    29.000
8.1800,    29.000
8.1840,    29.000
8.1880,    29.000
8.1920,    29.000
8.1960,    29.000
8.2000,    29.000
8.2040,    29.000
8.2080,    29.000
8.2120,    29.000
8.2160,    29.000
8.2200,    29.000
8.2240,    29.000
8.2280,    29.000
8.2320,    29.000
8.2360,    29.000
8.2400,    29.000
8.2440,    29.000
8.2480,    29.000
8.2520,    29.000
8.2560,    29.000
8.2600,    29.000
8.2640,    29.000
8.2680,    29.000
8.2720,    29.000
8.2760,    29.000
8.2800,    29.000
8.2840,    29.000
8.2880,    29.000
8.2920,    29.000
8.2960,    29.000
8.3000,    29.000
8.3040,    29.000
8.3080,    29.000
8.3120,    29.000
8.3160,    29.000
8.3200,    29.000
8.3240,    29.000
8.3280,    29.000
8.3320,    29.000
8.3360,    29.000
8.3400,    29.000
8.3440,    29.000
8.3480,    29.000
8.3520,    29.000
8.3560,    29.000
8.3600,    29.000
8.3640,    29.000
8.3680,    29.000
8.3720,    29.000
8.3760,    29.000
8.3800,    29.000
8.3840,    29.000
8.3880,    29.000
8.3920,    29.000
8.3960,    29.000
8.4000,    29.000
8.4040,    29.000
8.4080,    29.000
8.4120,    29.000
8.4160,    29.000
8.4200,    29.000
8.4240,    29.000
8.4280,    29.000
8.4320,    29.000
8.4360,    29.000
8.4400,    29.000
8.4440,    29.000
8.4480,    29.000
8.4520,    29.000
8.4560,    29.000
8.4600,    29.000
8.4640,    29.000
8.4680,    29.000
8.4720,    29.000
8.4760,    29.000
8.4800,    29.000
8.4840,    29.000
8.4880,    29.000
8.4920,    29.000
8.4960,    29.000
8.5000,    29.000
8.5040,    29.000
8.5080,    29.000
8.5120,    29.000
8.5160,    29.000
8.5200,    29.000
8.5240,    29.000
8.5280,    29.000
8.5320,    29.000
8.5360,    29.000
8.5400,    29.000
8.5440,    29.000
8.5480,    29.000
8.5520,    29.000
8.5560,    29.000
8.5600,    29.000
8.5640,    29.000
8.5680,    29.000
8.5720,    29.000
8.5760,    29.000
8.5800,    29.044
8.5840,    29.094
8.5880,    29.145
8.5920,    29.194
8.5960,    29.246
8.6000,    29.297
8.6040,    29.348
8.6080,    29.399
8.6120,    29.399
8.6160,    29.399
8.6200,    29.399
8.6240,    29.399
8.6280,    29.443
8.6320,    29.498
8.6360,    29.553
8.6400,    29.601
8.6440,    29.601
8.6480,    29.601
8.6520,    29.601
8.6560,    29.601
8.6600,    29.601
8.6640,    29.601
8.6680,    29.601
8.6720,    29.601
8.6760,    29.601
8.6800,    29.601
8.6840,    29.601
8.6880,    29.601
8.6920,    29.601
8.6960,    29.601
8.7000,    29.601
8.7040,    29.601
8.7080,    29.601
8.7120,    29.601
8.7160,    29.601
8.7200,    29.562
8.7240,    29.513
8.7280,    29.462
8.7320,    29.412
8.7360,    29.363
8.7400,    29.311
8.7440,    29.262
8.7480,    29.213
8.7520,    29.200
8.7560,    29.200
8.7600,    29.200
8.7640,    29.200
8.7680,    29.200
8.7720,    29.200
8.7760,    29.200
8.7800,    29.200
8.7840,    29.200
8.7880,    29.200
8.7920,    29.200
8.7960,    29.200
8.8000,    29.200
8.8040,    29.200
8.8080,    29.200
8.8120,    29.200
8.8160,    29.200
8.8200,    29.200
8.8240,    29.200
8.8280,    29.200
8.8320,    29.200
8.8360,    29.200
8.8400,    29.200
8.8440,    29.200
8.8480,    29.200
8.8520,    29.200
8.8560,    29.200
8.8600,    29.200
8.8640,    29.200
8.8680,    29.200
8.8720,    29.200
8.8760,    29.200
8.8800,    29.200
8.8840,    29.200
8.8880,    29.200
8.8920,    29.200
8.8960,    29.200
8.9000,    29.200
8.9040,    29.200
8.9080,    29.158
8.9120,    29.106
8.9160,    29.057
8.9200,    29.006
8.9240,    29.000
8.9280,    29.000
8.9320,    29.000
8.9360,    29.000
8.9400,    29.000
8.9440,    29.000
8.9480,    29.000
8.9520,    29.000
8.9560,    29.000
8.9600,    29.000
8.9640,    29.000
8.9680,    29.015
8.9720,    29.064
8.9760,    29.116
8.9800,    29.165
8.9840,    29.200
8.9880,    29.200
8.9920,    29.200
8.9960,    29.200
9.0000,    29.200
9.0040,    29.200
9.0080,    29.200
9.0120,    29.200
9.0160,    29.200
9.0200,    29.200
9.0240,    29.200
9.0280,    29.200
9.0320,    29.200
9.0360,    29.200
9.0400,    29.200
9.0440,    29.200
9.0480,    29.200
9.0520,    29.200
9.0560,    29.200
9.0600,    29.200
9.0640,    29.178
9.0680,    29.119
9.0720,    29.061
9.0760,    29.002
9.0800,    29.048
9.0840,    29.097
9.0880,    29.147
9.0920,    29.196
9.0960,    29.247
9.1000,    29.299
9.1040,    29.348
9.1080,    29.399
9.1120,    29.399
9.1160,    29.399
9.1200,    29.399
9.1240,    29.399
9.1280,    29.443
9.1320,    29.498
9.1360,    29.553
9.1400,    29.601
9.1440,    29.601
9.1480,    29.601
9.1520,    29.601
9.1560,    29.601
9.1600,    29.601
9.1640,    29.601
9.1680,    29.601
9.1720,    29.601
9.1760,    29.601
9.1800,    29.601
9.1840,    29.601
9.1880,    29.601
9.1920,    29.601
9.1960,    29.601
9.2000,    29.601
9.2040,    29.626
9.2080,    29.680
9.2120,    29.733
9.2160,    29.786
9.2200,    29.800
9.2240,    29.800
9.2280,    29.800
9.2320,    29.800
9.2360,    29.800
9.2400,    29.800
9.2440,    29.800
9.2480,    29.800
9.2520,    29.800
9.2560,    29.800
9.2600,    29.800
9.2640,    29.800
9.2680,    29.800
9.2720,    29.800
9.2760,    29.800
9.2800,    29.800
9.2840,    29.800
9.2880,    29.800
9.2920,    29.800
9.2960,    29.800
9.3000,    29.800
9.3040,    29.800
9.3080,    29.800
9.3120,    29.800
9.3160,    29.800
9.3200,    29.800
9.3240,    29.800
9.3280,    29.800
9.3320,    29.800
9.3360,    29.800
9.3400,    29.800
9.3440,    29.800
9.3480,    29.800
9.3520,    29.800
9.3560,    29.800
9.3600,    29.800
9.3640,    29.800
9.3680,    29.800
9.3720,    29.800
9.3760,    29.784
9.3800,    29.727
9.3840,    29.670
9.3880,    29.612
9.3920,    29.601
9.3960,    29.601
9.4000,    29.601
9.4040,    29.601
9.4080,    29.601
9.4120,    29.601
9.4160,    29.601
9.4200,    29.601
9.4240,    29.601
9.4280,    29.601
9.4320,    29.601
9.4360,    29.601
9.4400,    29.601
9.4440,    29.601
9.4480,    29.601
9.4520,    29.601
9.4560,    29.546
9.4600,    29.493
9.4640,    29.440
9.4680,    29.399
9.4720,    29.399
9.4760,    29.399
9.4800,    29.399
9.4840,    29.399
9.4880,    29.399
9.4920,    29.399
9.4960,    29.399
9.5000,    29.399
9.5040,    29.399
9.5080,    29.399
9.5120,    29.399
9.5160,    29.399
9.5200,    29.399
9.5240,    29.399
9.5280,    29.399
9.5320,    29.399
9.5360,    29.399
9.5400,    29.399
9.5440,    29.399
9.5480,    29.399
9.5520,    29.399
9.5560,    29.399
9.5600,    29.399
9.5640,    29.377
9.5680,    29.319
9.5720,    29.262
9.5760,    29.205
9.5800,    29.200
9.5840,    29.200
9.5880,    29.200
9.5920,    29.200
9.5960,    29.200
9.6000,    29.200
9.6040,    29.200
9.6080,    29.200
9.6120,    29.200
9.6160,    29.200
9.6200,    29.200
9.6240,    29.200
9.6280,    29.200
9.6320,    29.200
9.6360,    29.200
9.6400,    29.200
9.6440,    29.200
9.6480,    29.200
9.6520,    29.200
9.6560,    29.200
9.6600,    29.200
9.6640,    29.200
9.6680,    29.200
9.6720,    29.200
9.6760,    29.200
9.6800,    29.200
9.6840,    29.200
9.6880,    29.200
9.6920,    29.200
9.6960,    29.200
9.7000,    29.200
9.7040,    29.200
9.7080,    29.200
9.7120,    29.200
9.7160,    29.200
9.7200,    29.200
9.7240,    29.200
9.7280,    29.200
9.7320,    29.200
9.7360,    29.200
9.7400,    29.200
9.7440,    29.200
9.7480,    29.200
9.7520,    29.200
9.7560,    29.200
9.7600,    29.200
9.7640,    29.200
9.7680,    29.200
9.7720,    29.200
9.7760,    29.200
9.7800,    29.200
9.7840,    29.200
9.7880,    29.200
9.7920,    29.200
9.7960,    29.200
9.8000,    29.200
9.8040,    29.200
9.8080,    29.200
9.8120,    29.200
9.8160,    29.200
9.8200,    29.200
9.8240,    29.200
9.8280,    29.200
9.8320,    29.200
9.8360,    29.200
9.8400,    29.200
9.8440,    29.200
9.8480,    29.200
9.8520,    29.200
9.8560,    29.200
9.8600,    29.231
9.8640,    29.282
9.8680,    29.332
9.8720,    29.383
9.8760,    29.399
9.8800,    29.399
9.8840,    29.399
9.8880,    29.399
9.8920,    29.361
9.8960,    29.311
9.9000,    29.260
9.9040,    29.209
9.9080,    29.200
9.9120,    29.200
9.9160,    29.200
9.9200,    29.200
9.9240,    29.200
9.9280,    29.200
9.9320,    29.200
9.9360,    29.200
9.9400,    29.233
9.9440,    29.288
9.9480,    29.344
9.9520,    29.399
9.9560,    29.399
9.9600,    29.399
9.9640,    29.399
9.9680,    29.399
9.9720,    29.399
9.9760,    29.399
9.9800,    29.399
9.9840,    29.399
9.9880,    29.399
9.9920,    29.399
9.9960,    29.399
