# File created 2017/02/28 10:43:44 Eastern Standard Time (UTC -0500)
# Time: 2017/02/16 15:22:30
# UTC: 2017/02/16 20:22:30
# Period: Seconds
# Col: 1015.Signal Strength,1015,3,Signal Strength,MKUs
0.0000,    30.200
0.0040,    30.200
0.0080,    30.200
0.0120,    30.200
0.0160,    30.200
0.0200,    30.200
0.0240,    30.200
0.0280,    30.200
0.0320,    30.200
0.0360,    30.200
0.0400,    30.200
0.0440,    30.200
0.0480,    30.200
0.0520,    30.200
0.0560,    30.200
0.0600,    30.200
0.0640,    30.200
0.0680,    30.200
0.0720,    30.200
0.0760,    30.200
0.0800,    30.200
0.0840,    30.200
0.0880,    30.200
0.0920,    30.200
0.0960,    30.200
0.1000,    30.200
0.1040,    30.200
0.1080,    30.200
0.1120,    30.200
0.1160,    30.200
0.1200,    30.200
0.1240,    30.200
0.1280,    30.200
0.1320,    30.200
0.1360,    30.200
0.1400,    30.200
0.1440,    30.200
0.1480,    30.200
0.1520,    30.200
0.1560,    30.200
0.1600,    30.200
0.1640,    30.200
0.1680,    30.200
0.1720,    30.200
0.1760,    30.200
0.1800,    30.200
0.1840,    30.200
0.1880,    30.200
0.1920,    30.200
0.1960,    30.200
0.2000,    30.200
0.2040,    30.200
0.2080,    30.200
0.2120,    30.200
0.2160,    30.200
0.2200,    30.200
0.2240,    30.200
0.2280,    30.200
0.2320,    30.200
0.2360,    30.200
0.2400,    30.200
0.2440,    30.200
0.2480,    30.200
0.2520,    30.200
0.2560,    30.200
0.2600,    30.200
0.2640,    30.200
0.2680,    30.200
0.2720,    30.200
0.2760,    30.200
0.2800,    30.200
0.2840,    30.200
0.2880,    30.200
0.2920,    30.200
0.2960,    30.200
0.3000,    30.200
0.3040,    30.200
0.3080,    30.200
0.3120,    30.200
0.3160,    30.200
0.3200,    30.200
0.3240,    30.200
0.3280,    30.200
0.3320,    30.200
0.3360,    30.200
0.3400,    30.200
0.3440,    30.200
0.3480,    30.200
0.3520,    30.200
0.3560,    30.200
0.3600,    30.200
0.3640,    30.200
0.3680,    30.200
0.3720,    30.200
0.3760,    30.200
0.3800,    30.200
0.3840,    30.200
0.3880,    30.200
0.3920,    30.200
0.3960,    30.200
0.4000,    30.200
0.4040,    30.200
0.4080,    30.200
0.4120,    30.200
0.4160,    30.200
0.4200,    30.200
0.4240,    30.200
0.4280,    30.200
0.4320,    30.200
0.4360,    30.200
0.4400,    30.200
0.4440,    30.200
0.4480,    30.200
0.4520,    30.200
0.4560,    30.200
0.4600,    30.200
0.4640,    30.200
0.4680,    30.200
0.4720,    30.200
0.4760,    30.200
0.4800,    30.200
0.4840,    30.200
0.4880,    30.200
0.4920,    30.200
0.4960,    30.200
0.5000,    30.200
0.5040,    30.200
0.5080,    30.200
0.5120,    30.200
0.5160,    30.200
0.5200,    30.200
0.5240,    30.200
0.5280,    30.200
0.5320,    30.200
0.5360,    30.200
0.5400,    30.200
0.5440,    30.200
0.5480,    30.200
0.5520,    30.200
0.5560,    30.200
0.5600,    30.200
0.5640,    30.200
0.5680,    30.200
0.5720,    30.200
0.5760,    30.200
0.5800,    30.200
0.5840,    30.200
0.5880,    30.200
0.5920,    30.200
0.5960,    30.200
0.6000,    30.200
0.6040,    30.200
0.6080,    30.200
0.6120,    30.200
0.6160,    30.200
0.6200,    30.200
0.6240,    30.200
0.6280,    30.200
0.6320,    30.200
0.6360,    30.200
0.6400,    30.200
0.6440,    30.200
0.6480,    30.200
0.6520,    30.200
0.6560,    30.200
0.6600,    30.200
0.6640,    30.167
0.6680,    30.115
0.6720,    30.064
0.6760,    30.015
0.6800,    30.000
0.6840,    30.000
0.6880,    30.000
0.6920,    30.000
0.6960,    30.000
0.7000,    30.000
0.7040,    30.000
0.7080,    29.998
0.7120,    29.947
0.7160,    29.897
0.7200,    29.848
0.7240,    29.800
0.7280,    29.800
0.7320,    29.800
0.7360,    29.800
0.7400,    29.800
0.7440,    29.800
0.7480,    29.800
0.7520,    29.841
0.7560,    30.000
0.7600,    30.000
0.7640,    30.000
0.7680,    30.000
0.7720,    30.000
0.7760,    30.000
0.7800,    30.000
0.7840,    30.000
0.7880,    30.000
0.7920,    30.000
0.7960,    30.000
0.8000,    30.000
0.8040,    30.000
0.8080,    30.000
0.8120,    30.000
0.8160,    30.000
0.8200,    30.000
0.8240,    30.000
0.8280,    30.000
0.8320,    30.000
0.8360,    30.000
0.8400,    30.000
0.8440,    30.000
0.8480,    30.000
0.8520,    30.000
0.8560,    30.000
0.8600,    30.000
0.8640,    30.000
0.8680,    30.000
0.8720,    30.000
0.8760,    30.000
0.8800,    29.866
0.8840,    29.800
0.8880,    29.800
0.8920,    29.800
0.8960,    29.791
0.9000,    29.738
0.9040,    29.687
0.9080,    29.636
0.9120,    29.584
0.9160,    29.537
0.9200,    29.487
0.9240,    29.438
0.9280,    29.399
0.9320,    29.399
0.9360,    29.399
0.9400,    29.399
0.9440,    29.399
0.9480,    29.354
0.9520,    29.297
0.9560,    29.238
0.9600,    29.218
0.9640,    29.269
0.9680,    29.321
0.9720,    29.374
0.9760,    29.399
0.9800,    29.399
0.9840,    29.399
0.9880,    29.399
0.9920,    29.399
0.9960,    29.399
1.0000,    29.399
1.0040,    29.399
1.0080,    29.376
1.0120,    29.321
1.0160,    29.264
1.0200,    29.207
1.0240,    29.200
1.0280,    29.200
1.0320,    29.200
1.0360,    29.200
1.0400,    29.200
1.0440,    29.200
1.0480,    29.200
1.0520,    29.200
1.0560,    29.200
1.0600,    29.200
1.0640,    29.200
1.0680,    29.200
1.0720,    29.200
1.0760,    29.200
1.0800,    29.200
1.0840,    29.200
1.0880,    29.200
1.0920,    29.200
1.0960,    29.200
1.1000,    29.180
1.1040,    29.130
1.1080,    29.079
1.1120,    29.029
1.1160,    29.000
1.1200,    29.000
1.1240,    29.000
1.1280,    29.000
1.1320,    28.997
1.1360,    28.938
1.1400,    28.881
1.1440,    28.823
1.1480,    28.768
1.1520,    28.715
1.1560,    28.661
1.1600,    28.610
1.1640,    28.561
1.1680,    28.511
1.1720,    28.462
1.1760,    28.414
1.1800,    28.400
1.1840,    28.400
1.1880,    28.400
1.1920,    28.271
1.1960,    28.138
1.2000,    28.021
1.2040,    27.903
1.2080,    27.788
1.2120,    27.685
1.2160,    27.583
1.2200,    27.480
1.2240,    27.380
1.2280,    27.277
1.2320,    27.175
1.2360,    27.072
1.2400,    27.001
1.2440,    27.001
1.2480,    27.001
1.2520,    27.001
1.2560,    27.001
1.2600,    27.001
1.2640,    27.001
1.2680,    27.001
1.2720,    27.001
1.2760,    27.001
1.2800,    27.001
1.2840,    27.001
1.2880,    27.026
1.2920,    27.077
1.2960,    27.129
1.3000,    27.178
1.3040,    27.200
1.3080,    27.200
1.3120,    27.200
1.3160,    27.105
1.3200,    26.962
1.3240,    26.852
1.3280,    26.742
1.3320,    26.632
1.3360,    26.528
1.3400,    26.424
1.3440,    26.321
1.3480,    26.219
1.3520,    26.074
1.3560,    25.920
1.3600,    25.765
1.3640,    25.611
1.3680,    25.600
1.3720,    25.600
1.3760,    25.600
1.3800,    25.334
1.3840,    25.140
1.3880,    25.021
1.3920,    24.904
1.3960,    24.799
1.4000,    24.799
1.4040,    24.799
1.4080,    24.799
1.4120,    24.790
1.4160,    24.739
1.4200,    24.690
1.4240,    24.638
1.4280,    24.600
1.4320,    24.600
1.4360,    24.600
1.4400,    24.547
1.4440,    24.397
1.4480,    24.342
1.4520,    24.289
1.4560,    24.234
1.4600,    24.256
1.4640,    24.411
1.4680,    24.567
1.4720,    24.723
1.4760,    24.878
1.4800,    25.034
1.4840,    25.190
1.4880,    25.343
1.4920,    25.400
1.4960,    25.400
1.5000,    25.400
1.5040,    25.512
1.5080,    25.600
1.5120,    25.600
1.5160,    25.600
1.5200,    25.600
1.5240,    25.645
1.5280,    25.695
1.5320,    25.744
1.5360,    25.794
1.5400,    25.935
1.5440,    26.092
1.5480,    26.248
1.5520,    26.400
1.5560,    26.400
1.5600,    26.400
1.5640,    26.415
1.5680,    26.574
1.5720,    26.600
1.5760,    26.600
1.5800,    26.600
1.5840,    26.600
1.5880,    26.600
1.5920,    26.600
1.5960,    26.600
1.6000,    26.614
1.6040,    26.665
1.6080,    26.717
1.6120,    26.770
1.6160,    26.799
1.6200,    26.799
1.6240,    26.799
1.6280,    26.799
1.6320,    26.799
1.6360,    26.799
1.6400,    26.799
1.6440,    26.799
1.6480,    26.834
1.6520,    26.883
1.6560,    26.933
1.6600,    26.982
1.6640,    27.032
1.6680,    27.083
1.6720,    27.134
1.6760,    27.184
1.6800,    27.200
1.6840,    27.200
1.6880,    27.200
1.6920,    27.317
1.6960,    27.424
1.7000,    27.482
1.7040,    27.541
1.7080,    27.599
1.7120,    27.599
1.7160,    27.599
1.7200,    27.599
1.7240,    27.599
1.7280,    27.599
1.7320,    27.599
1.7360,    27.599
1.7400,    27.599
1.7440,    27.599
1.7480,    27.599
1.7520,    27.599
1.7560,    27.599
1.7600,    27.599
1.7640,    27.599
1.7680,    27.599
1.7720,    27.599
1.7760,    27.599
1.7800,    27.599
1.7840,    27.599
1.7880,    27.599
1.7920,    27.599
1.7960,    27.599
1.8000,    27.599
1.8040,    27.599
1.8080,    27.599
1.8120,    27.599
1.8160,    27.508
1.8200,    27.400
1.8240,    27.400
1.8280,    27.400
1.8320,    27.400
1.8360,    27.435
1.8400,    27.486
1.8440,    27.537
1.8480,    27.588
1.8520,    27.599
1.8560,    27.599
1.8600,    27.599
1.8640,    27.599
1.8680,    27.599
1.8720,    27.599
1.8760,    27.599
1.8800,    27.599
1.8840,    27.599
1.8880,    27.599
1.8920,    27.599
1.8960,    27.598
1.9000,    27.544
1.9040,    27.491
1.9080,    27.440
1.9120,    27.387
1.9160,    27.336
1.9200,    27.286
1.9240,    27.235
1.9280,    27.200
1.9320,    27.200
1.9360,    27.200
1.9400,    27.292
1.9440,    27.570
1.9480,    27.652
1.9520,    27.711
1.9560,    27.770
1.9600,    27.801
1.9640,    27.801
1.9680,    27.801
1.9720,    27.801
1.9760,    27.771
1.9800,    27.722
1.9840,    27.673
1.9880,    27.621
1.9920,    27.599
1.9960,    27.599
2.0000,    27.599
2.0040,    27.478
2.0080,    27.400
2.0120,    27.400
2.0160,    27.400
2.0200,    27.400
2.0240,    27.444
2.0280,    27.497
2.0320,    27.550
2.0360,    27.599
2.0400,    27.599
2.0440,    27.599
2.0480,    27.599
2.0520,    27.599
2.0560,    27.599
2.0600,    27.599
2.0640,    27.599
2.0680,    27.599
2.0720,    27.599
2.0760,    27.599
2.0800,    27.599
2.0840,    27.599
2.0880,    27.599
2.0920,    27.599
2.0960,    27.599
2.1000,    27.583
2.1040,    27.532
2.1080,    27.482
2.1120,    27.431
2.1160,    27.400
2.1200,    27.400
2.1240,    27.400
2.1280,    27.471
2.1320,    27.599
2.1360,    27.599
2.1400,    27.599
2.1440,    27.599
2.1480,    27.599
2.1520,    27.599
2.1560,    27.599
2.1600,    27.599
2.1640,    27.599
2.1680,    27.599
2.1720,    27.599
2.1760,    27.599
2.1800,    27.599
2.1840,    27.599
2.1880,    27.599
2.1920,    27.599
2.1960,    27.599
2.2000,    27.599
2.2040,    27.599
2.2080,    27.599
2.2120,    27.599
2.2160,    27.599
2.2200,    27.599
2.2240,    27.599
2.2280,    27.599
2.2320,    27.599
2.2360,    27.599
2.2400,    27.599
2.2440,    27.599
2.2480,    27.599
2.2520,    27.599
2.2560,    27.599
2.2600,    27.599
2.2640,    27.599
2.2680,    27.599
2.2720,    27.599
2.2760,    27.599
2.2800,    27.599
2.2840,    27.599
2.2880,    27.599
2.2920,    27.599
2.2960,    27.599
2.3000,    27.599
2.3040,    27.599
2.3080,    27.599
2.3120,    27.599
2.3160,    27.599
2.3200,    27.599
2.3240,    27.599
2.3280,    27.599
2.3320,    27.599
2.3360,    27.599
2.3400,    27.599
2.3440,    27.599
2.3480,    27.599
2.3520,    27.599
2.3560,    27.599
2.3600,    27.599
2.3640,    27.599
2.3680,    27.599
2.3720,    27.599
2.3760,    27.599
2.3800,    27.729
2.3840,    27.801
2.3880,    27.801
2.3920,    27.801
2.3960,    27.801
2.4000,    27.801
2.4040,    27.801
2.4080,    27.801
2.4120,    27.801
2.4160,    27.801
2.4200,    27.801
2.4240,    27.801
2.4280,    27.801
2.4320,    27.801
2.4360,    27.801
2.4400,    27.755
2.4440,    27.614
2.4480,    27.599
2.4520,    27.599
2.4560,    27.599
2.4600,    27.621
2.4640,    27.674
2.4680,    27.728
2.4720,    27.781
2.4760,    27.801
2.4800,    27.801
2.4840,    27.801
2.4880,    27.801
2.4920,    27.801
2.4960,    27.801
2.5000,    27.801
2.5040,    27.801
2.5080,    27.801
2.5120,    27.801
2.5160,    27.801
2.5200,    27.801
2.5240,    27.801
2.5280,    27.801
2.5320,    27.801
2.5360,    27.801
2.5400,    27.753
2.5440,    27.700
2.5480,    27.647
2.5520,    27.599
2.5560,    27.599
2.5600,    27.599
2.5640,    27.616
2.5680,    27.784
2.5720,    27.801
2.5760,    27.801
2.5800,    27.801
2.5840,    27.801
2.5880,    27.801
2.5920,    27.801
2.5960,    27.801
2.6000,    27.801
2.6040,    27.801
2.6080,    27.801
2.6120,    27.801
2.6160,    27.801
2.6200,    27.801
2.6240,    27.801
2.6280,    27.801
2.6320,    27.801
2.6360,    27.801
2.6400,    27.801
2.6440,    27.801
2.6480,    27.801
2.6520,    27.801
2.6560,    27.801
2.6600,    27.801
2.6640,    27.801
2.6680,    27.801
2.6720,    27.801
2.6760,    27.801
2.6800,    27.801
2.6840,    27.801
2.6880,    27.801
2.6920,    27.801
2.6960,    27.834
2.7000,    27.887
2.7040,    27.940
2.7080,    27.993
2.7120,    27.953
2.7160,    27.900
2.7200,    27.847
2.7240,    27.801
2.7280,    27.801
2.7320,    27.801
2.7360,    27.801
2.7400,    27.801
2.7440,    27.801
2.7480,    27.801
2.7520,    27.834
2.7560,    27.997
2.7600,    28.000
2.7640,    28.000
2.7680,    28.000
2.7720,    28.000
2.7760,    28.000
2.7800,    28.000
2.7840,    28.000
2.7880,    28.000
2.7920,    28.000
2.7960,    28.000
2.8000,    28.000
2.8040,    28.000
2.8080,    28.000
2.8120,    28.000
2.8160,    27.916
2.8200,    27.801
2.8240,    27.801
2.8280,    27.801
2.8320,    27.801
2.8360,    27.837
2.8400,    27.887
2.8440,    27.938
2.8480,    27.988
2.8520,    28.000
2.8560,    28.000
2.8600,    28.000
2.8640,    28.000
2.8680,    28.000
2.8720,    28.000
2.8760,    28.000
2.8800,    28.000
2.8840,    28.031
2.8880,    28.090
2.8920,    28.149
2.8960,    28.200
2.9000,    28.200
2.9040,    28.200
2.9080,    28.200
2.9120,    28.200
2.9160,    28.200
2.9200,    28.200
2.9240,    28.200
2.9280,    28.200
2.9320,    28.200
2.9360,    28.200
2.9400,    28.251
2.9440,    28.400
2.9480,    28.400
2.9520,    28.400
2.9560,    28.400
2.9600,    28.400
2.9640,    28.400
2.9680,    28.400
2.9720,    28.400
2.9760,    28.400
2.9800,    28.400
2.9840,    28.400
2.9880,    28.400
2.9920,    28.400
2.9960,    28.400
3.0000,    28.400
3.0040,    28.400
3.0080,    28.400
3.0120,    28.400
3.0160,    28.400
3.0200,    28.400
3.0240,    28.400
3.0280,    28.400
3.0320,    28.400
3.0360,    28.400
3.0400,    28.400
3.0440,    28.400
3.0480,    28.400
3.0520,    28.400
3.0560,    28.400
3.0600,    28.400
3.0640,    28.400
3.0680,    28.400
3.0720,    28.400
3.0760,    28.400
3.0800,    28.400
3.0840,    28.400
3.0880,    28.400
3.0920,    28.400
3.0960,    28.400
3.1000,    28.400
3.1040,    28.400
3.1080,    28.400
3.1120,    28.400
3.1160,    28.400
3.1200,    28.400
3.1240,    28.400
3.1280,    28.400
3.1320,    28.400
3.1360,    28.400
3.1400,    28.400
3.1440,    28.400
3.1480,    28.400
3.1520,    28.400
3.1560,    28.400
3.1600,    28.400
3.1640,    28.400
3.1680,    28.400
3.1720,    28.400
3.1760,    28.400
3.1800,    28.400
3.1840,    28.400
3.1880,    28.400
3.1920,    28.400
3.1960,    28.400
3.2000,    28.400
3.2040,    28.400
3.2080,    28.400
3.2120,    28.400
3.2160,    28.400
3.2200,    28.400
3.2240,    28.400
3.2280,    28.400
3.2320,    28.400
3.2360,    28.400
3.2400,    28.400
3.2440,    28.400
3.2480,    28.400
3.2520,    28.400
3.2560,    28.400
3.2600,    28.400
3.2640,    28.400
3.2680,    28.400
3.2720,    28.400
3.2760,    28.400
3.2800,    28.400
3.2840,    28.400
3.2880,    28.400
3.2920,    28.400
3.2960,    28.400
3.3000,    28.400
3.3040,    28.400
3.3080,    28.400
3.3120,    28.400
3.3160,    28.400
3.3200,    28.400
3.3240,    28.400
3.3280,    28.400
3.3320,    28.400
3.3360,    28.400
3.3400,    28.400
3.3440,    28.400
3.3480,    28.400
3.3520,    28.400
3.3560,    28.400
3.3600,    28.400
3.3640,    28.400
3.3680,    28.400
3.3720,    28.400
3.3760,    28.400
3.3800,    28.400
3.3840,    28.440
3.3880,    28.498
3.3920,    28.555
3.3960,    28.599
3.4000,    28.599
3.4040,    28.599
3.4080,    28.599
3.4120,    28.599
3.4160,    28.599
3.4200,    28.599
3.4240,    28.599
3.4280,    28.599
3.4320,    28.599
3.4360,    28.599
3.4400,    28.599
3.4440,    28.599
3.4480,    28.599
3.4520,    28.599
3.4560,    28.599
3.4600,    28.599
3.4640,    28.599
3.4680,    28.599
3.4720,    28.599
3.4760,    28.599
3.4800,    28.599
3.4840,    28.599
3.4880,    28.599
3.4920,    28.599
3.4960,    28.599
3.5000,    28.599
3.5040,    28.599
3.5080,    28.599
3.5120,    28.599
3.5160,    28.599
3.5200,    28.599
3.5240,    28.599
3.5280,    28.599
3.5320,    28.599
3.5360,    28.599
3.5400,    28.599
3.5440,    28.599
3.5480,    28.599
3.5520,    28.599
3.5560,    28.599
3.5600,    28.599
3.5640,    28.599
3.5680,    28.599
3.5720,    28.599
3.5760,    28.599
3.5800,    28.599
3.5840,    28.599
3.5880,    28.599
3.5920,    28.599
3.5960,    28.599
3.6000,    28.599
3.6040,    28.599
3.6080,    28.599
3.6120,    28.599
3.6160,    28.599
3.6200,    28.599
3.6240,    28.599
3.6280,    28.599
3.6320,    28.599
3.6360,    28.599
3.6400,    28.599
3.6440,    28.599
3.6480,    28.599
3.6520,    28.599
3.6560,    28.599
3.6600,    28.599
3.6640,    28.599
3.6680,    28.599
3.6720,    28.599
3.6760,    28.599
3.6800,    28.599
3.6840,    28.599
3.6880,    28.599
3.6920,    28.599
3.6960,    28.599
3.7000,    28.599
3.7040,    28.599
3.7080,    28.599
3.7120,    28.599
3.7160,    28.599
3.7200,    28.599
3.7240,    28.606
3.7280,    28.656
3.7320,    28.707
3.7360,    28.758
3.7400,    28.801
3.7440,    28.801
3.7480,    28.801
3.7520,    28.801
3.7560,    28.801
3.7600,    28.801
3.7640,    28.801
3.7680,    28.801
3.7720,    28.801
3.7760,    28.801
3.7800,    28.801
3.7840,    28.801
3.7880,    28.801
3.7920,    28.801
3.7960,    28.801
3.8000,    28.801
3.8040,    28.801
3.8080,    28.801
3.8120,    28.801
3.8160,    28.801
3.8200,    28.801
3.8240,    28.801
3.8280,    28.801
3.8320,    28.801
3.8360,    28.801
3.8400,    28.801
3.8440,    28.801
3.8480,    28.801
3.8520,    28.801
3.8560,    28.801
3.8600,    28.801
3.8640,    28.801
3.8680,    28.801
3.8720,    28.801
3.8760,    28.801
3.8800,    28.801
3.8840,    28.801
3.8880,    28.801
3.8920,    28.801
3.8960,    28.801
3.9000,    28.801
3.9040,    28.801
3.9080,    28.801
3.9120,    28.801
3.9160,    28.801
3.9200,    28.801
3.9240,    28.801
3.9280,    28.801
3.9320,    28.801
3.9360,    28.801
3.9400,    28.801
3.9440,    28.801
3.9480,    28.801
3.9520,    28.801
3.9560,    28.801
3.9600,    28.801
3.9640,    28.801
3.9680,    28.801
3.9720,    28.801
3.9760,    28.801
3.9800,    28.801
3.9840,    28.801
3.9880,    28.801
3.9920,    28.801
3.9960,    28.801
4.0000,    28.801
4.0040,    28.801
4.0080,    28.801
4.0120,    28.801
4.0160,    28.801
4.0200,    28.801
4.0240,    28.801
4.0280,    28.801
4.0320,    28.801
4.0360,    28.801
4.0400,    28.801
4.0440,    28.801
4.0480,    28.801
4.0520,    28.801
4.0560,    28.801
4.0600,    28.801
4.0640,    28.801
4.0680,    28.801
4.0720,    28.801
4.0760,    28.801
4.0800,    28.801
4.0840,    28.801
4.0880,    28.801
4.0920,    28.801
4.0960,    28.801
4.1000,    28.801
4.1040,    28.801
4.1080,    28.801
4.1120,    28.801
4.1160,    28.801
4.1200,    28.801
4.1240,    28.801
4.1280,    28.801
4.1320,    28.801
4.1360,    28.801
4.1400,    28.801
4.1440,    28.801
4.1480,    28.801
4.1520,    28.801
4.1560,    28.801
4.1600,    28.801
4.1640,    28.801
4.1680,    28.801
4.1720,    28.801
4.1760,    28.801
4.1800,    28.801
4.1840,    28.801
4.1880,    28.801
4.1920,    28.801
4.1960,    28.801
4.2000,    28.801
4.2040,    28.801
4.2080,    28.801
4.2120,    28.801
4.2160,    28.801
4.2200,    28.801
4.2240,    28.801
4.2280,    28.801
4.2320,    28.801
4.2360,    28.801
4.2400,    28.801
4.2440,    28.801
4.2480,    28.801
4.2520,    28.801
4.2560,    28.801
4.2600,    28.801
4.2640,    28.801
4.2680,    28.801
4.2720,    28.801
4.2760,    28.801
4.2800,    28.801
4.2840,    28.801
4.2880,    28.801
4.2920,    28.801
4.2960,    28.801
4.3000,    28.801
4.3040,    28.801
4.3080,    28.801
4.3120,    28.801
4.3160,    28.801
4.3200,    28.801
4.3240,    28.801
4.3280,    28.801
4.3320,    28.801
4.3360,    28.801
4.3400,    28.801
4.3440,    28.801
4.3480,    28.801
4.3520,    28.801
4.3560,    28.801
4.3600,    28.801
4.3640,    28.801
4.3680,    28.801
4.3720,    28.801
4.3760,    28.801
4.3800,    28.801
4.3840,    28.801
4.3880,    28.801
4.3920,    28.801
4.3960,    28.801
4.4000,    28.801
4.4040,    28.801
4.4080,    28.801
4.4120,    28.801
4.4160,    28.801
4.4200,    28.801
4.4240,    28.801
4.4280,    28.801
4.4320,    28.801
4.4360,    28.801
4.4400,    28.801
4.4440,    28.801
4.4480,    28.801
4.4520,    28.801
4.4560,    28.801
4.4600,    28.801
4.4640,    28.801
4.4680,    28.801
4.4720,    28.801
4.4760,    28.801
4.4800,    28.801
4.4840,    28.801
4.4880,    28.801
4.4920,    28.801
4.4960,    28.801
4.5000,    28.801
4.5040,    28.801
4.5080,    28.801
4.5120,    28.801
4.5160,    28.801
4.5200,    28.801
4.5240,    28.801
4.5280,    28.801
4.5320,    28.801
4.5360,    28.801
4.5400,    28.801
4.5440,    28.801
4.5480,    28.801
4.5520,    28.801
4.5560,    28.801
4.5600,    28.801
4.5640,    28.801
4.5680,    28.801
4.5720,    28.801
4.5760,    28.801
4.5800,    28.801
4.5840,    28.801
4.5880,    28.801
4.5920,    28.801
4.5960,    28.801
4.6000,    28.801
4.6040,    28.801
4.6080,    28.801
4.6120,    28.801
4.6160,    28.801
4.6200,    28.801
4.6240,    28.801
4.6280,    28.801
4.6320,    28.801
4.6360,    28.801
4.6400,    28.801
4.6440,    28.801
4.6480,    28.801
4.6520,    28.801
4.6560,    28.801
4.6600,    28.801
4.6640,    28.801
4.6680,    28.801
4.6720,    28.801
4.6760,    28.801
4.6800,    28.801
4.6840,    28.801
4.6880,    28.801
4.6920,    28.801
4.6960,    28.801
4.7000,    28.801
4.7040,    28.801
4.7080,    28.801
4.7120,    28.751
4.7160,    28.702
4.7200,    28.650
4.7240,    28.601
4.7280,    28.652
4.7320,    28.707
4.7360,    28.762
4.7400,    28.801
4.7440,    28.801
4.7480,    28.801
4.7520,    28.801
4.7560,    28.801
4.7600,    28.801
4.7640,    28.801
4.7680,    28.801
4.7720,    28.801
4.7760,    28.801
4.7800,    28.801
4.7840,    28.801
4.7880,    28.801
4.7920,    28.801
4.7960,    28.801
4.8000,    28.801
4.8040,    28.801
4.8080,    28.801
4.8120,    28.801
4.8160,    28.801
4.8200,    28.801
4.8240,    28.801
4.8280,    28.801
4.8320,    28.801
4.8360,    28.801
4.8400,    28.801
4.8440,    28.801
4.8480,    28.801
4.8520,    28.801
4.8560,    28.801
4.8600,    28.801
4.8640,    28.801
4.8680,    28.801
4.8720,    28.801
4.8760,    28.801
4.8800,    28.801
4.8840,    28.801
4.8880,    28.801
4.8920,    28.801
4.8960,    28.801
4.9000,    28.801
4.9040,    28.801
4.9080,    28.801
4.9120,    28.801
4.9160,    28.801
4.9200,    28.801
4.9240,    28.801
4.9280,    28.801
4.9320,    28.801
4.9360,    28.801
4.9400,    28.801
4.9440,    28.801
4.9480,    28.801
4.9520,    28.801
4.9560,    28.801
4.9600,    28.801
4.9640,    28.801
4.9680,    28.801
4.9720,    28.801
4.9760,    28.801
4.9800,    28.801
4.9840,    28.801
4.9880,    28.801
4.9920,    28.801
4.9960,    28.801
5.0000,    28.801
5.0040,    28.801
5.0080,    28.801
5.0120,    28.801
5.0160,    28.801
5.0200,    28.801
5.0240,    28.801
5.0280,    28.801
5.0320,    28.801
5.0360,    28.801
5.0400,    28.801
5.0440,    28.801
5.0480,    28.801
5.0520,    28.801
5.0560,    28.801
5.0600,    28.801
5.0640,    28.801
5.0680,    28.801
5.0720,    28.801
5.0760,    28.801
5.0800,    28.801
5.0840,    28.801
5.0880,    28.801
5.0920,    28.801
5.0960,    28.801
5.1000,    28.801
5.1040,    28.801
5.1080,    28.801
5.1120,    28.801
5.1160,    28.801
5.1200,    28.801
5.1240,    28.801
5.1280,    28.801
5.1320,    28.801
5.1360,    28.801
5.1400,    28.801
5.1440,    28.801
5.1480,    28.801
5.1520,    28.801
5.1560,    28.801
5.1600,    28.801
5.1640,    28.801
5.1680,    28.801
5.1720,    28.801
5.1760,    28.801
5.1800,    28.801
5.1840,    28.801
5.1880,    28.801
5.1920,    28.801
5.1960,    28.801
5.2000,    28.801
5.2040,    28.801
5.2080,    28.801
5.2120,    28.801
5.2160,    28.801
5.2200,    28.801
5.2240,    28.801
5.2280,    28.801
5.2320,    28.801
5.2360,    28.801
5.2400,    28.801
5.2440,    28.801
5.2480,    28.801
5.2520,    28.801
5.2560,    28.801
5.2600,    28.801
5.2640,    28.801
5.2680,    28.801
5.2720,    28.801
5.2760,    28.801
5.2800,    28.801
5.2840,    28.801
5.2880,    28.801
5.2920,    28.801
5.2960,    28.801
5.3000,    28.801
5.3040,    28.801
5.3080,    28.801
5.3120,    28.801
5.3160,    28.801
5.3200,    28.801
5.3240,    28.801
5.3280,    28.801
5.3320,    28.801
5.3360,    28.801
5.3400,    28.801
5.3440,    28.801
5.3480,    28.801
5.3520,    28.801
5.3560,    28.801
5.3600,    28.801
5.3640,    28.801
5.3680,    28.801
5.3720,    28.801
5.3760,    28.801
5.3800,    28.801
5.3840,    28.801
5.3880,    28.801
5.3920,    28.801
5.3960,    28.801
5.4000,    28.801
5.4040,    28.801
5.4080,    28.801
5.4120,    28.801
5.4160,    28.801
5.4200,    28.801
5.4240,    28.801
5.4280,    28.801
5.4320,    28.801
5.4360,    28.801
5.4400,    28.749
5.4440,    28.601
5.4480,    28.656
5.4520,    28.713
5.4560,    28.768
5.4600,    28.801
5.4640,    28.801
5.4680,    28.801
5.4720,    28.801
5.4760,    28.801
5.4800,    28.801
5.4840,    28.801
5.4880,    28.801
5.4920,    28.801
5.4960,    28.801
5.5000,    28.801
5.5040,    28.801
5.5080,    28.801
5.5120,    28.801
5.5160,    28.801
5.5200,    28.801
5.5240,    28.801
5.5280,    28.801
5.5320,    28.801
5.5360,    28.801
5.5400,    28.801
5.5440,    28.801
5.5480,    28.801
5.5520,    28.801
5.5560,    28.801
5.5600,    28.801
5.5640,    28.801
5.5680,    28.801
5.5720,    28.764
5.5760,    28.705
5.5800,    28.649
5.5840,    28.610
5.5880,    28.661
5.5920,    28.711
5.5960,    28.762
5.6000,    28.801
5.6040,    28.801
5.6080,    28.801
5.6120,    28.801
5.6160,    28.801
5.6200,    28.801
5.6240,    28.801
5.6280,    28.801
5.6320,    28.788
5.6360,    28.729
5.6400,    28.672
5.6440,    28.614
5.6480,    28.638
5.6520,    28.689
5.6560,    28.740
5.6600,    28.791
5.6640,    28.760
5.6680,    28.711
5.6720,    28.663
5.6760,    28.616
5.6800,    28.599
5.6840,    28.599
5.6880,    28.599
5.6920,    28.599
5.6960,    28.599
5.7000,    28.599
5.7040,    28.599
5.7080,    28.599
5.7120,    28.647
5.7160,    28.696
5.7200,    28.747
5.7240,    28.799
5.7280,    28.749
5.7320,    28.698
5.7360,    28.647
5.7400,    28.599
5.7440,    28.599
5.7480,    28.599
5.7520,    28.599
5.7560,    28.599
5.7600,    28.599
5.7640,    28.599
5.7680,    28.599
5.7720,    28.599
5.7760,    28.599
5.7800,    28.599
5.7840,    28.599
5.7880,    28.599
5.7920,    28.599
5.7960,    28.599
5.8000,    28.599
5.8040,    28.599
5.8080,    28.599
5.8120,    28.599
5.8160,    28.599
5.8200,    28.599
5.8240,    28.599
5.8280,    28.599
5.8320,    28.599
5.8360,    28.599
5.8400,    28.599
5.8440,    28.599
5.8480,    28.599
5.8520,    28.639
5.8560,    28.691
5.8600,    28.742
5.8640,    28.793
5.8680,    28.801
5.8720,    28.801
5.8760,    28.801
5.8800,    28.650
5.8840,    28.639
5.8880,    28.698
5.8920,    28.757
5.8960,    28.801
5.9000,    28.801
5.9040,    28.801
5.9080,    28.801
5.9120,    28.801
5.9160,    28.801
5.9200,    28.801
5.9240,    28.801
5.9280,    28.801
5.9320,    28.801
5.9360,    28.801
5.9400,    28.801
5.9440,    28.801
5.9480,    28.801
5.9520,    28.801
5.9560,    28.801
5.9600,    28.771
5.9640,    28.722
5.9680,    28.674
5.9720,    28.625
5.9760,    28.625
5.9800,    28.678
5.9840,    28.729
5.9880,    28.780
5.9920,    28.801
5.9960,    28.801
6.0000,    28.801
6.0040,    28.687
6.0080,    28.625
6.0120,    28.680
6.0160,    28.733
6.0200,    28.788
6.0240,    28.801
6.0280,    28.801
6.0320,    28.801
6.0360,    28.801
6.0400,    28.801
6.0440,    28.801
6.0480,    28.801
6.0520,    28.801
6.0560,    28.801
6.0600,    28.801
6.0640,    28.786
6.0680,    28.608
6.0720,    28.652
6.0760,    28.707
6.0800,    28.762
6.0840,    28.784
6.0880,    28.733
6.0920,    28.682
6.0960,    28.630
6.1000,    28.621
6.1040,    28.672
6.1080,    28.724
6.1120,    28.775
6.1160,    28.801
6.1200,    28.801
6.1240,    28.801
6.1280,    28.801
6.1320,    28.801
6.1360,    28.801
6.1400,    28.801
6.1440,    28.801
6.1480,    28.768
6.1520,    28.718
6.1560,    28.669
6.1600,    28.617
6.1640,    28.634
6.1680,    28.687
6.1720,    28.740
6.1760,    28.793
6.1800,    28.801
6.1840,    28.801
6.1880,    28.801
6.1920,    28.801
6.1960,    28.801
6.2000,    28.801
6.2040,    28.801
6.2080,    28.801
6.2120,    28.801
6.2160,    28.801
6.2200,    28.801
6.2240,    28.793
6.2280,    28.740
6.2320,    28.689
6.2360,    28.638
6.2400,    28.599
6.2440,    28.599
6.2480,    28.599
6.2520,    28.632
6.2560,    28.793
6.2600,    28.801
6.2640,    28.801
6.2680,    28.801
6.2720,    28.801
6.2760,    28.801
6.2800,    28.801
6.2840,    28.801
6.2880,    28.801
6.2920,    28.801
6.2960,    28.801
6.3000,    28.801
6.3040,    28.801
6.3080,    28.801
6.3120,    28.801
6.3160,    28.801
6.3200,    28.801
6.3240,    28.801
6.3280,    28.801
6.3320,    28.801
6.3360,    28.801
6.3400,    28.801
6.3440,    28.801
6.3480,    28.801
6.3520,    28.801
6.3560,    28.801
6.3600,    28.801
6.3640,    28.801
6.3680,    28.801
6.3720,    28.801
6.3760,    28.801
6.3800,    28.801
6.3840,    28.801
6.3880,    28.801
6.3920,    28.801
6.3960,    28.801
6.4000,    28.801
6.4040,    28.801
6.4080,    28.801
6.4120,    28.801
6.4160,    28.801
6.4200,    28.801
6.4240,    28.801
6.4280,    28.801
6.4320,    28.801
6.4360,    28.801
6.4400,    28.742
6.4440,    28.599
6.4480,    28.599
6.4520,    28.599
6.4560,    28.599
6.4600,    28.599
6.4640,    28.599
6.4680,    28.599
6.4720,    28.599
6.4760,    28.628
6.4800,    28.682
6.4840,    28.735
6.4880,    28.788
6.4920,    28.801
6.4960,    28.801
6.5000,    28.801
6.5040,    28.801
6.5080,    28.801
6.5120,    28.801
6.5160,    28.801
6.5200,    28.801
6.5240,    28.801
6.5280,    28.801
6.5320,    28.801
6.5360,    28.801
6.5400,    28.801
6.5440,    28.801
6.5480,    28.801
6.5520,    28.801
6.5560,    28.801
6.5600,    28.801
6.5640,    28.788
6.5680,    28.628
6.5720,    28.647
6.5760,    28.705
6.5800,    28.764
6.5840,    28.782
6.5880,    28.735
6.5920,    28.685
6.5960,    28.638
6.6000,    28.612
6.6040,    28.667
6.6080,    28.720
6.6120,    28.775
6.6160,    28.801
6.6200,    28.801
6.6240,    28.801
6.6280,    28.801
6.6320,    28.801
6.6360,    28.801
6.6400,    28.801
6.6440,    28.801
6.6480,    28.801
6.6520,    28.801
6.6560,    28.801
6.6600,    28.801
6.6640,    28.801
6.6680,    28.801
6.6720,    28.801
6.6760,    28.801
6.6800,    28.801
6.6840,    28.801
6.6880,    28.801
6.6920,    28.643
6.6960,    28.641
6.7000,    28.696
6.7040,    28.751
6.7080,    28.801
6.7120,    28.801
6.7160,    28.801
6.7200,    28.801
6.7240,    28.790
6.7280,    28.742
6.7320,    28.693
6.7360,    28.645
6.7400,    28.599
6.7440,    28.599
6.7480,    28.599
6.7520,    28.630
6.7560,    28.790
6.7600,    28.801
6.7640,    28.801
6.7680,    28.801
6.7720,    28.801
6.7760,    28.801
6.7800,    28.801
6.7840,    28.801
6.7880,    28.801
6.7920,    28.801
6.7960,    28.801
6.8000,    28.801
6.8040,    28.801
6.8080,    28.801
6.8120,    28.801
6.8160,    28.801
6.8200,    28.779
6.8240,    28.724
6.8280,    28.671
6.8320,    28.617
6.8360,    28.634
6.8400,    28.687
6.8440,    28.738
6.8480,    28.790
6.8520,    28.760
6.8560,    28.709
6.8600,    28.656
6.8640,    28.605
6.8680,    28.599
6.8720,    28.599
6.8760,    28.599
6.8800,    28.599
6.8840,    28.643
6.8880,    28.700
6.8920,    28.755
6.8960,    28.801
6.9000,    28.801
6.9040,    28.801
6.9080,    28.801
6.9120,    28.801
6.9160,    28.801
6.9200,    28.801
6.9240,    28.801
6.9280,    28.801
6.9320,    28.801
6.9360,    28.801
6.9400,    28.801
6.9440,    28.801
6.9480,    28.801
6.9520,    28.801
6.9560,    28.801
6.9600,    28.801
6.9640,    28.801
6.9680,    28.801
6.9720,    28.801
6.9760,    28.801
6.9800,    28.801
6.9840,    28.801
6.9880,    28.801
6.9920,    28.801
6.9960,    28.801
7.0000,    28.801
7.0040,    28.672
7.0080,    28.632
7.0120,    28.683
7.0160,    28.735
7.0200,    28.788
7.0240,    28.801
7.0280,    28.801
7.0320,    28.801
7.0360,    28.801
7.0400,    28.801
7.0440,    28.801
7.0480,    28.801
7.0520,    28.801
7.0560,    28.801
7.0600,    28.801
7.0640,    28.801
7.0680,    28.801
7.0720,    28.801
7.0760,    28.801
7.0800,    28.801
7.0840,    28.801
7.0880,    28.801
7.0920,    28.801
7.0960,    28.801
7.1000,    28.801
7.1040,    28.801
7.1080,    28.801
7.1120,    28.801
7.1160,    28.801
7.1200,    28.801
7.1240,    28.801
7.1280,    28.801
7.1320,    28.801
7.1360,    28.801
7.1400,    28.801
7.1440,    28.801
7.1480,    28.801
7.1520,    28.801
7.1560,    28.801
7.1600,    28.801
7.1640,    28.801
7.1680,    28.801
7.1720,    28.801
7.1760,    28.801
7.1800,    28.801
7.1840,    28.801
7.1880,    28.801
7.1920,    28.801
7.1960,    28.801
7.2000,    28.801
7.2040,    28.801
7.2080,    28.801
7.2120,    28.801
7.2160,    28.801
7.2200,    28.801
7.2240,    28.801
7.2280,    28.801
7.2320,    28.801
7.2360,    28.801
7.2400,    28.801
7.2440,    28.801
7.2480,    28.801
7.2520,    28.801
7.2560,    28.801
7.2600,    28.801
7.2640,    28.801
7.2680,    28.801
7.2720,    28.801
7.2760,    28.801
7.2800,    28.801
7.2840,    28.801
7.2880,    28.801
7.2920,    28.801
7.2960,    28.801
7.3000,    28.801
7.3040,    28.801
7.3080,    28.801
7.3120,    28.801
7.3160,    28.801
7.3200,    28.801
7.3240,    28.801
7.3280,    28.801
7.3320,    28.801
7.3360,    28.801
7.3400,    28.801
7.3440,    28.801
7.3480,    28.801
7.3520,    28.801
7.3560,    28.801
7.3600,    28.801
7.3640,    28.801
7.3680,    28.801
7.3720,    28.801
7.3760,    28.801
7.3800,    28.801
7.3840,    28.801
7.3880,    28.801
7.3920,    28.801
7.3960,    28.801
7.4000,    28.801
7.4040,    28.801
7.4080,    28.801
7.4120,    28.801
7.4160,    28.801
7.4200,    28.801
7.4240,    28.801
7.4280,    28.801
7.4320,    28.801
7.4360,    28.801
7.4400,    28.801
7.4440,    28.801
7.4480,    28.801
7.4520,    28.801
7.4560,    28.801
7.4600,    28.801
7.4640,    28.801
7.4680,    28.801
7.4720,    28.801
7.4760,    28.801
7.4800,    28.801
7.4840,    28.801
7.4880,    28.801
7.4920,    28.801
7.4960,    28.801
7.5000,    28.801
7.5040,    28.801
7.5080,    28.801
7.5120,    28.801
7.5160,    28.801
7.5200,    28.801
7.5240,    28.801
7.5280,    28.801
7.5320,    28.801
7.5360,    28.801
7.5400,    28.801
7.5440,    28.801
7.5480,    28.801
7.5520,    28.801
7.5560,    28.801
7.5600,    28.801
7.5640,    28.801
7.5680,    28.801
7.5720,    28.801
7.5760,    28.801
7.5800,    28.801
7.5840,    28.801
7.5880,    28.801
7.5920,    28.801
7.5960,    28.801
7.6000,    28.801
7.6040,    28.801
7.6080,    28.801
7.6120,    28.801
7.6160,    28.801
7.6200,    28.801
7.6240,    28.801
7.6280,    28.801
7.6320,    28.801
7.6360,    28.801
7.6400,    28.801
7.6440,    28.801
7.6480,    28.801
7.6520,    28.801
7.6560,    28.801
7.6600,    28.801
7.6640,    28.801
7.6680,    28.801
7.6720,    28.801
7.6760,    28.801
7.6800,    28.801
7.6840,    28.801
7.6880,    28.801
7.6920,    28.801
7.6960,    28.801
7.7000,    28.801
7.7040,    28.801
7.7080,    28.801
7.7120,    28.801
7.7160,    28.801
7.7200,    28.801
7.7240,    28.801
7.7280,    28.801
7.7320,    28.801
7.7360,    28.801
7.7400,    28.801
7.7440,    28.801
7.7480,    28.801
7.7520,    28.801
7.7560,    28.801
7.7600,    28.801
7.7640,    28.801
7.7680,    28.801
7.7720,    28.801
7.7760,    28.801
7.7800,    28.801
7.7840,    28.801
7.7880,    28.801
7.7920,    28.801
7.7960,    28.801
7.8000,    28.801
7.8040,    28.801
7.8080,    28.801
7.8120,    28.801
7.8160,    28.801
7.8200,    28.801
7.8240,    28.801
7.8280,    28.801
7.8320,    28.801
7.8360,    28.801
7.8400,    28.801
7.8440,    28.801
7.8480,    28.801
7.8520,    28.801
7.8560,    28.801
7.8600,    28.801
7.8640,    28.801
7.8680,    28.801
7.8720,    28.801
7.8760,    28.801
7.8800,    28.801
7.8840,    28.801
7.8880,    28.801
7.8920,    28.801
7.8960,    28.801
7.9000,    28.801
7.9040,    28.801
7.9080,    28.801
7.9120,    28.801
7.9160,    28.801
7.9200,    28.801
7.9240,    28.801
7.9280,    28.801
7.9320,    28.801
7.9360,    28.801
7.9400,    28.801
7.9440,    28.801
7.9480,    28.801
7.9520,    28.801
7.9560,    28.801
7.9600,    28.801
7.9640,    28.801
7.9680,    28.801
7.9720,    28.801
7.9760,    28.801
7.9800,    28.801
7.9840,    28.801
7.9880,    28.801
7.9920,    28.801
7.9960,    28.801
8.0000,    28.801
8.0040,    28.801
8.0080,    28.801
8.0120,    28.801
8.0160,    28.801
8.0200,    28.801
8.0240,    28.801
8.0280,    28.801
8.0320,    28.801
8.0360,    28.801
8.0400,    28.801
8.0440,    28.801
8.0480,    28.801
8.0520,    28.801
8.0560,    28.801
8.0600,    28.801
8.0640,    28.801
8.0680,    28.801
8.0720,    28.801
8.0760,    28.801
8.0800,    28.801
8.0840,    28.801
8.0880,    28.801
8.0920,    28.801
8.0960,    28.801
8.1000,    28.801
8.1040,    28.801
8.1080,    28.801
8.1120,    28.801
8.1160,    28.801
8.1200,    28.801
8.1240,    28.801
8.1280,    28.801
8.1320,    28.801
8.1360,    28.801
8.1400,    28.801
8.1440,    28.801
8.1480,    28.801
8.1520,    28.801
8.1560,    28.801
8.1600,    28.801
8.1640,    28.801
8.1680,    28.801
8.1720,    28.801
8.1760,    28.801
8.1800,    28.801
8.1840,    28.801
8.1880,    28.801
8.1920,    28.801
8.1960,    28.801
8.2000,    28.801
8.2040,    28.801
8.2080,    28.801
8.2120,    28.801
8.2160,    28.801
8.2200,    28.801
8.2240,    28.801
8.2280,    28.801
8.2320,    28.801
8.2360,    28.801
8.2400,    28.801
8.2440,    28.801
8.2480,    28.801
8.2520,    28.801
8.2560,    28.801
8.2600,    28.801
8.2640,    28.801
8.2680,    28.801
8.2720,    28.801
8.2760,    28.801
8.2800,    28.801
8.2840,    28.801
8.2880,    28.801
8.2920,    28.801
8.2960,    28.801
8.3000,    28.801
8.3040,    28.801
8.3080,    28.801
8.3120,    28.801
8.3160,    28.801
8.3200,    28.801
8.3240,    28.801
8.3280,    28.801
8.3320,    28.801
8.3360,    28.801
8.3400,    28.801
8.3440,    28.801
8.3480,    28.801
8.3520,    28.801
8.3560,    28.801
8.3600,    28.801
8.3640,    28.801
8.3680,    28.801
8.3720,    28.801
8.3760,    28.801
8.3800,    28.801
8.3840,    28.801
8.3880,    28.801
8.3920,    28.801
8.3960,    28.801
8.4000,    28.801
8.4040,    28.801
8.4080,    28.801
8.4120,    28.801
8.4160,    28.801
8.4200,    28.801
8.4240,    28.801
8.4280,    28.801
8.4320,    28.801
8.4360,    28.801
8.4400,    28.801
8.4440,    28.801
8.4480,    28.801
8.4520,    28.801
8.4560,    28.801
8.4600,    28.801
8.4640,    28.801
8.4680,    28.801
8.4720,    28.801
8.4760,    28.801
8.4800,    28.801
8.4840,    28.801
8.4880,    28.801
8.4920,    28.801
8.4960,    28.801
8.5000,    28.801
8.5040,    28.801
8.5080,    28.801
8.5120,    28.801
8.5160,    28.801
8.5200,    28.801
8.5240,    28.801
8.5280,    28.801
8.5320,    28.801
8.5360,    28.801
8.5400,    28.801
8.5440,    28.801
8.5480,    28.801
8.5520,    28.801
8.5560,    28.801
8.5600,    28.801
8.5640,    28.801
8.5680,    28.801
8.5720,    28.801
8.5760,    28.801
8.5800,    28.801
8.5840,    28.801
8.5880,    28.801
8.5920,    28.801
8.5960,    28.801
8.6000,    28.801
8.6040,    28.801
8.6080,    28.801
8.6120,    28.801
8.6160,    28.801
8.6200,    28.801
8.6240,    28.801
8.6280,    28.801
8.6320,    28.801
8.6360,    28.801
8.6400,    28.801
8.6440,    28.801
8.6480,    28.801
8.6520,    28.801
8.6560,    28.801
8.6600,    28.801
8.6640,    28.801
8.6680,    28.801
8.6720,    28.801
8.6760,    28.801
8.6800,    28.801
8.6840,    28.801
8.6880,    28.801
8.6920,    28.801
8.6960,    28.801
8.7000,    28.801
8.7040,    28.801
8.7080,    28.801
8.7120,    28.801
8.7160,    28.801
8.7200,    28.801
8.7240,    28.801
8.7280,    28.801
8.7320,    28.801
8.7360,    28.801
8.7400,    28.801
8.7440,    28.801
8.7480,    28.801
8.7520,    28.801
8.7560,    28.801
8.7600,    28.801
8.7640,    28.801
8.7680,    28.801
8.7720,    28.801
8.7760,    28.801
8.7800,    28.801
8.7840,    28.801
8.7880,    28.801
8.7920,    28.801
8.7960,    28.801
8.8000,    28.801
8.8040,    28.801
8.8080,    28.801
8.8120,    28.801
8.8160,    28.801
8.8200,    28.801
8.8240,    28.801
8.8280,    28.801
8.8320,    28.801
8.8360,    28.801
8.8400,    28.801
8.8440,    28.801
8.8480,    28.801
8.8520,    28.801
8.8560,    28.801
8.8600,    28.801
8.8640,    28.801
8.8680,    28.801
8.8720,    28.801
8.8760,    28.801
8.8800,    28.801
8.8840,    28.801
8.8880,    28.801
8.8920,    28.801
8.8960,    28.801
8.9000,    28.801
8.9040,    28.801
8.9080,    28.801
8.9120,    28.801
8.9160,    28.801
8.9200,    28.801
8.9240,    28.801
8.9280,    28.801
8.9320,    28.801
8.9360,    28.801
8.9400,    28.801
8.9440,    28.801
8.9480,    28.801
8.9520,    28.801
8.9560,    28.801
8.9600,    28.801
8.9640,    28.801
8.9680,    28.801
8.9720,    28.801
8.9760,    28.801
8.9800,    28.801
8.9840,    28.801
8.9880,    28.801
8.9920,    28.801
8.9960,    28.801
9.0000,    28.801
9.0040,    28.801
9.0080,    28.801
9.0120,    28.801
9.0160,    28.801
9.0200,    28.801
9.0240,    28.801
9.0280,    28.801
9.0320,    28.801
9.0360,    28.801
9.0400,    28.801
9.0440,    28.801
9.0480,    28.801
9.0520,    28.801
9.0560,    28.801
9.0600,    28.801
9.0640,    28.801
9.0680,    28.801
9.0720,    28.801
9.0760,    28.801
9.0800,    28.801
9.0840,    28.801
9.0880,    28.801
9.0920,    28.801
9.0960,    28.801
9.1000,    28.801
9.1040,    28.801
9.1080,    28.801
9.1120,    28.801
9.1160,    28.801
9.1200,    28.801
9.1240,    28.801
9.1280,    28.801
9.1320,    28.801
9.1360,    28.801
9.1400,    28.801
9.1440,    28.801
9.1480,    28.801
9.1520,    28.801
9.1560,    28.801
9.1600,    28.801
9.1640,    28.801
9.1680,    28.801
9.1720,    28.801
9.1760,    28.801
9.1800,    28.801
9.1840,    28.801
9.1880,    28.801
9.1920,    28.801
9.1960,    28.801
9.2000,    28.801
9.2040,    28.801
9.2080,    28.801
9.2120,    28.801
9.2160,    28.801
9.2200,    28.801
9.2240,    28.801
9.2280,    28.801
9.2320,    28.801
9.2360,    28.801
9.2400,    28.801
9.2440,    28.801
9.2480,    28.801
9.2520,    28.801
9.2560,    28.801
9.2600,    28.801
9.2640,    28.801
9.2680,    28.801
9.2720,    28.801
9.2760,    28.801
9.2800,    28.801
9.2840,    28.801
9.2880,    28.801
9.2920,    28.801
9.2960,    28.801
9.3000,    28.801
9.3040,    28.801
9.3080,    28.801
9.3120,    28.801
9.3160,    28.801
9.3200,    28.801
9.3240,    28.801
9.3280,    28.801
9.3320,    28.801
9.3360,    28.801
9.3400,    28.801
9.3440,    28.801
9.3480,    28.801
9.3520,    28.801
9.3560,    28.801
9.3600,    28.801
9.3640,    28.801
9.3680,    28.801
9.3720,    28.801
9.3760,    28.801
9.3800,    28.801
9.3840,    28.801
9.3880,    28.801
9.3920,    28.801
9.3960,    28.801
9.4000,    28.801
9.4040,    28.801
9.4080,    28.801
9.4120,    28.801
9.4160,    28.801
9.4200,    28.801
9.4240,    28.801
9.4280,    28.801
9.4320,    28.801
9.4360,    28.801
9.4400,    28.801
9.4440,    28.801
9.4480,    28.801
9.4520,    28.801
9.4560,    28.801
9.4600,    28.801
9.4640,    28.801
9.4680,    28.801
9.4720,    28.801
9.4760,    28.801
9.4800,    28.801
9.4840,    28.801
9.4880,    28.801
9.4920,    28.801
9.4960,    28.801
9.5000,    28.801
9.5040,    28.801
9.5080,    28.801
9.5120,    28.801
9.5160,    28.801
9.5200,    28.801
9.5240,    28.801
9.5280,    28.801
9.5320,    28.801
9.5360,    28.801
9.5400,    28.801
9.5440,    28.801
9.5480,    28.801
9.5520,    28.801
9.5560,    28.801
9.5600,    28.801
9.5640,    28.801
9.5680,    28.801
9.5720,    28.801
9.5760,    28.801
9.5800,    28.801
9.5840,    28.801
9.5880,    28.801
9.5920,    28.801
9.5960,    28.801
9.6000,    28.801
9.6040,    28.801
9.6080,    28.801
9.6120,    28.801
9.6160,    28.801
9.6200,    28.801
9.6240,    28.801
9.6280,    28.801
9.6320,    28.801
9.6360,    28.801
9.6400,    28.801
9.6440,    28.801
9.6480,    28.801
9.6520,    28.801
9.6560,    28.801
9.6600,    28.801
9.6640,    28.801
9.6680,    28.801
9.6720,    28.801
9.6760,    28.801
9.6800,    28.801
9.6840,    28.801
9.6880,    28.801
9.6920,    28.801
9.6960,    28.801
9.7000,    28.801
9.7040,    28.801
9.7080,    28.801
9.7120,    28.801
9.7160,    28.801
9.7200,    28.801
9.7240,    28.801
9.7280,    28.801
9.7320,    28.801
9.7360,    28.801
9.7400,    28.801
9.7440,    28.801
9.7480,    28.801
9.7520,    28.801
9.7560,    28.801
9.7600,    28.801
9.7640,    28.801
9.7680,    28.801
9.7720,    28.801
9.7760,    28.801
9.7800,    28.801
9.7840,    28.801
9.7880,    28.801
9.7920,    28.801
9.7960,    28.801
9.8000,    28.801
9.8040,    28.801
9.8080,    28.801
9.8120,    28.801
9.8160,    28.801
9.8200,    28.801
9.8240,    28.801
9.8280,    28.801
9.8320,    28.801
9.8360,    28.801
9.8400,    28.801
9.8440,    28.801
9.8480,    28.801
9.8520,    28.801
9.8560,    28.801
9.8600,    28.801
9.8640,    28.801
9.8680,    28.801
9.8720,    28.801
9.8760,    28.801
9.8800,    28.801
9.8840,    28.801
9.8880,    28.801
9.8920,    28.801
9.8960,    28.801
9.9000,    28.801
9.9040,    28.801
9.9080,    28.801
9.9120,    28.801
9.9160,    28.801
9.9200,    28.801
9.9240,    28.801
9.9280,    28.801
9.9320,    28.801
9.9360,    28.801
9.9400,    28.801
9.9440,    28.801
9.9480,    28.801
9.9520,    28.801
9.9560,    28.801
9.9600,    28.801
9.9640,    28.801
9.9680,    28.801
9.9720,    28.801
9.9760,    28.801
9.9800,    28.801
9.9840,    28.801
9.9880,    28.801
9.9920,    28.801
9.9960,    28.801
